B_digital_(T)	B_analog_(T)	moment_(emu)	T_VTI_(K)	T_sample_(K)	sense_phase	sense_amplitude	Time
0.00000E+0	1.65660E-4	3.29373E-5	2.93595E+2	2.88515E+2	-2.63461E+1	7.05062E-3	3.84577E+4
6.27273E-4	8.38083E-4	9.79982E-6	2.93503E+2	2.88525E+2	-2.63405E+1	7.05744E-3	3.84598E+4
3.64145E-2	1.74640E-2	8.85630E-6	2.93309E+2	2.88632E+2	-2.63090E+1	7.05629E-3	3.84659E+4
8.63618E-2	5.06589E-2	1.48952E-4	2.93137E+2	2.88756E+2	-2.62907E+1	7.05268E-3	3.84720E+4
1.25988E-1	9.86582E-2	3.80078E-4	2.92970E+2	2.88797E+2	-2.63041E+1	7.05798E-3	3.84779E+4
1.73708E-1	1.51314E-1	3.35271E-4	2.92772E+2	2.88740E+2	-2.63015E+1	7.05888E-3	3.84839E+4
2.23674E-1	1.98621E-1	-6.91064E-6	2.92582E+2	2.88694E+2	-2.62941E+1	7.05262E-3	3.84899E+4
2.74560E-1	2.44983E-1	-2.57344E-5	2.92414E+2	2.88682E+2	-2.63215E+1	7.05095E-3	3.84959E+4
3.24314E-1	2.91632E-1	-2.31626E-4	2.92250E+2	2.88690E+2	-2.63439E+1	7.06028E-3	3.85019E+4
3.76538E-1	3.43674E-1	-3.36158E-4	2.92093E+2	2.88696E+2	-2.63357E+1	7.05907E-3	3.85079E+4
4.24020E-1	3.95326E-1	1.58383E-4	2.91921E+2	2.88672E+2	-2.63040E+1	7.05486E-3	3.85139E+4
4.74058E-1	4.43441E-1	2.42438E-4	2.91748E+2	2.88669E+2	-2.62714E+1	7.05924E-3	3.85199E+4
5.22257E-1	4.90966E-1	-2.39661E-4	2.91591E+2	2.88685E+2	-2.62742E+1	7.06014E-3	3.85259E+4
5.68257E-1	5.37680E-1	-3.83468E-4	2.91437E+2	2.88672E+2	-2.62873E+1	7.05935E-3	3.85319E+4
6.09469E-1	5.89289E-1	-2.06666E-4	2.91286E+2	2.88637E+2	-2.63036E+1	7.06034E-3	3.85379E+4
6.57659E-1	6.40944E-1	6.13002E-5	2.91114E+2	2.88592E+2	-2.63026E+1	7.06137E-3	3.85439E+4
7.06074E-1	6.86264E-1	7.18794E-4	2.90956E+2	2.88565E+2	-2.62978E+1	7.06208E-3	3.85499E+4
7.58993E-1	7.32002E-1	4.53232E-4	2.90809E+2	2.88542E+2	-2.63070E+1	7.04748E-3	3.85559E+4
8.06515E-1	7.85231E-1	2.78859E-4	2.90665E+2	2.88527E+2	-2.62989E+1	7.05661E-3	3.85619E+4
8.60123E-1	8.35835E-1	3.58454E-4	2.90516E+2	2.88526E+2	-2.63052E+1	7.06345E-3	3.85679E+4
9.07316E-1	8.80837E-1	3.55688E-4	2.90369E+2	2.88519E+2	-2.63144E+1	7.05982E-3	3.85739E+4
9.68408E-1	9.43142E-1	4.09433E-4	2.90188E+2	2.88489E+2	-2.62790E+1	7.05771E-3	3.85818E+4
1.01801E+0	9.97231E-1	5.43977E-4	2.90058E+2	2.88467E+2	-2.62838E+1	7.06004E-3	3.85878E+4
1.07155E+0	1.05837E+0	2.50391E-4	2.89887E+2	2.88424E+2	-2.63018E+1	7.05898E-3	3.85954E+4
1.12423E+0	1.10641E+0	3.09831E-4	2.89748E+2	2.88357E+2	-2.62890E+1	7.06017E-3	3.86012E+4
1.17665E+0	1.15639E+0	7.45613E-4	2.89628E+2	2.88331E+2	-2.62881E+1	7.06028E-3	3.86079E+4
1.23521E+0	1.21812E+0	8.29049E-4	2.89484E+2	2.88320E+2	-2.63088E+1	7.06171E-3	3.86158E+4
1.28797E+0	1.26994E+0	7.71442E-4	2.89367E+2	2.88269E+2	-2.63038E+1	7.06670E-3	3.86217E+4
1.33831E+0	1.32349E+0	6.74211E-4	2.89258E+2	2.88225E+2	-2.62987E+1	7.06368E-3	3.86279E+4
1.39179E+0	1.37632E+0	4.47351E-4	2.89169E+2	2.88195E+2	-2.62761E+1	7.05902E-3	3.86339E+4
1.44392E+0	1.43258E+0	-1.90540E-4	2.89057E+2	2.88145E+2	-2.62632E+1	7.05796E-3	3.86416E+4
1.51731E+0	1.49871E+0	1.76652E-4	2.88940E+2	2.88084E+2	-2.62742E+1	7.06225E-3	3.86494E+4
1.57341E+0	1.55601E+0	1.10909E-3	2.88859E+2	2.88052E+2	-2.62443E+1	7.05535E-3	3.86563E+4
1.62449E+0	1.60681E+0	1.39686E-3	2.88791E+2	2.88008E+2	-2.62489E+1	7.05429E-3	3.86629E+4
1.67255E+0	1.65765E+0	9.02650E-4	2.88722E+2	2.87932E+2	-2.62989E+1	7.05244E-3	3.86689E+4
1.72271E+0	1.70717E+0	7.36087E-4	2.88667E+2	2.87864E+2	-2.62938E+1	7.06713E-3	3.86749E+4
1.78061E+0	1.77455E+0	5.36842E-4	2.88600E+2	2.87818E+2	-2.62816E+1	7.05795E-3	3.86832E+4
1.85596E+0	1.84486E+0	1.31705E-3	2.88536E+2	2.87769E+2	-2.62861E+1	7.05767E-3	3.86915E+4
1.90842E+0	1.89500E+0	1.75770E-3	2.88495E+2	2.87735E+2	-2.62981E+1	7.06054E-3	3.86980E+4
1.95411E+0	1.94350E+0	1.40363E-3	2.88464E+2	2.87681E+2	-2.63039E+1	7.06023E-3	3.87039E+4
1.99491E+0	1.99119E+0	9.16723E-4	2.88437E+2	2.87643E+2	-2.62953E+1	7.06131E-3	3.87099E+4
2.04098E+0	2.04054E+0	8.92838E-4	2.88410E+2	2.87604E+2	-2.62954E+1	7.06141E-3	3.87159E+4
2.09121E+0	2.09045E+0	1.08359E-3	2.88389E+2	2.87549E+2	-2.62973E+1	7.05835E-3	3.87219E+4
2.14227E+0	2.14288E+0	1.49719E-3	2.88375E+2	2.87502E+2	-2.62811E+1	7.05733E-3	3.87279E+4
2.19249E+0	2.19427E+0	1.53120E-3	2.88362E+2	2.87467E+2	-2.62742E+1	7.05778E-3	3.87339E+4
2.24490E+0	2.23924E+0	1.17303E-3	2.88352E+2	2.87441E+2	-2.62898E+1	7.06156E-3	3.87399E+4
2.31507E+0	2.32997E+0	8.69653E-4	2.88341E+2	2.87373E+2	-2.63384E+1	7.06435E-3	3.87523E+4
2.37631E+0	2.36320E+0	1.24831E-3	2.88339E+2	2.87334E+2	-2.63564E+1	7.06338E-3	3.87557E+4
2.42661E+0	2.42609E+0	1.82544E-3	2.88337E+2	2.87300E+2	-2.63570E+1	7.06097E-3	3.87629E+4
2.47974E+0	2.47748E+0	2.03972E-3	2.88338E+2	2.87264E+2	-2.63185E+1	7.05024E-3	3.87689E+4
2.53035E+0	2.52428E+0	1.82542E-3	2.88344E+2	2.87215E+2	-2.62952E+1	7.06007E-3	3.87749E+4
2.57544E+0	2.57117E+0	1.11301E-3	2.88351E+2	2.87166E+2	-2.62854E+1	7.06134E-3	3.87809E+4
2.62392E+0	2.61817E+0	1.14217E-3	2.88359E+2	2.87135E+2	-2.62851E+1	7.06243E-3	3.87869E+4
2.66413E+0	2.66488E+0	1.67909E-3	2.88368E+2	2.87100E+2	-2.63245E+1	7.06367E-3	3.87929E+4
2.70790E+0	2.71607E+0	2.07093E-3	2.88377E+2	2.87068E+2	-2.63223E+1	7.06307E-3	3.87989E+4
2.75779E+0	2.76675E+0	2.32996E-3	2.88388E+2	2.87040E+2	-2.63040E+1	7.04825E-3	3.88049E+4
2.80860E+0	2.81183E+0	2.00548E-3	2.88402E+2	2.87016E+2	-2.63094E+1	7.04762E-3	3.88109E+4
2.86110E+0	2.86325E+0	1.68525E-3	2.88418E+2	2.86976E+2	-2.63169E+1	7.05359E-3	3.88169E+4
2.91045E+0	2.91632E+0	1.40757E-3	2.88432E+2	2.86932E+2	-2.62915E+1	7.05448E-3	3.88229E+4
2.95745E+0	2.96191E+0	1.57519E-3	2.88448E+2	2.86908E+2	-2.62929E+1	7.05810E-3	3.88289E+4
3.00839E+0	3.00675E+0	1.88195E-3	2.88463E+2	2.86876E+2	-2.63320E+1	7.05671E-3	3.88349E+4
3.06624E+0	3.08010E+0	1.63627E-3	2.88485E+2	2.86854E+2	-2.63150E+1	7.05455E-3	3.88429E+4
3.11869E+0	3.12961E+0	1.35057E-3	2.88502E+2	2.86829E+2	-2.63119E+1	7.06033E-3	3.88489E+4
3.16769E+0	3.17691E+0	1.44959E-3	2.88519E+2	2.86796E+2	-2.63127E+1	7.06647E-3	3.88549E+4
3.22043E+0	3.22335E+0	2.01444E-3	2.88540E+2	2.86784E+2	-2.63148E+1	7.06152E-3	3.88609E+4
3.26855E+0	3.26857E+0	2.69587E-3	2.88558E+2	2.86756E+2	-2.63092E+1	7.05148E-3	3.88669E+4
3.31952E+0	3.31930E+0	2.79914E-3	2.88577E+2	2.86729E+2	-2.63215E+1	7.05650E-3	3.88729E+4
3.36654E+0	3.37069E+0	2.21398E-3	2.88597E+2	2.86717E+2	-2.63150E+1	7.05601E-3	3.88789E+4
3.41245E+0	3.41712E+0	1.87451E-3	2.88616E+2	2.86697E+2	-2.62948E+1	7.05167E-3	3.88849E+4
3.45400E+0	3.46808E+0	1.99457E-3	2.88635E+2	2.86671E+2	-2.62977E+1	7.05219E-3	3.88909E+4
3.49860E+0	3.51763E+0	2.09598E-3	2.88657E+2	2.86638E+2	-2.62998E+1	7.05607E-3	3.88969E+4
3.55056E+0	3.56327E+0	2.55733E-3	2.88676E+2	2.86614E+2	-2.63383E+1	7.06309E-3	3.89029E+4
3.60122E+0	3.60967E+0	2.70185E-3	2.88694E+2	2.86602E+2	-2.63283E+1	7.06058E-3	3.89089E+4
3.65123E+0	3.65596E+0	2.27162E-3	2.88713E+2	2.86591E+2	-2.62819E+1	7.05871E-3	3.89149E+4
3.70518E+0	3.70764E+0	2.27838E-3	2.88733E+2	2.86566E+2	-2.63044E+1	7.05839E-3	3.89209E+4
3.75980E+0	3.76826E+0	2.93582E-3	2.88759E+2	2.86536E+2	-2.63060E+1	7.05443E-3	3.89288E+4
3.82531E+0	3.81722E+0	3.00631E-3	2.88779E+2	2.86524E+2	-2.62876E+1	7.05634E-3	3.89349E+4
3.87309E+0	3.87859E+0	2.42382E-3	2.88799E+2	2.86520E+2	-2.62873E+1	7.05524E-3	3.89419E+4
3.91190E+0	3.92841E+0	1.86182E-3	2.88820E+2	2.86493E+2	-2.63144E+1	7.05877E-3	3.89479E+4
3.95641E+0	3.97324E+0	2.34531E-3	2.88840E+2	2.86477E+2	-2.63166E+1	7.05464E-3	3.89539E+4
4.00779E+0	4.01862E+0	2.84768E-3	2.88856E+2	2.86484E+2	-2.63269E+1	7.05425E-3	3.89599E+4
4.05876E+0	4.06526E+0	3.22555E-3	2.88873E+2	2.86468E+2	-2.63536E+1	7.05742E-3	3.89659E+4
4.11019E+0	4.11655E+0	2.57221E-3	2.88893E+2	2.86474E+2	-2.63725E+1	7.05997E-3	3.89719E+4
4.15972E+0	4.16673E+0	1.80021E-3	2.88909E+2	2.86462E+2	-2.63600E+1	7.06301E-3	3.89779E+4
4.21122E+0	4.21128E+0	2.07524E-3	2.88926E+2	2.86454E+2	-2.62914E+1	7.05498E-3	3.89839E+4
4.26070E+0	4.26115E+0	2.97581E-3	2.88943E+2	2.86447E+2	-2.62873E+1	7.05873E-3	3.89899E+4
4.31065E+0	4.31102E+0	3.21041E-3	2.88959E+2	2.86433E+2	-2.63003E+1	7.05999E-3	3.89959E+4
4.35815E+0	4.35596E+0	2.80114E-3	2.88974E+2	2.86424E+2	-2.63141E+1	7.06156E-3	3.90019E+4
4.40403E+0	4.40103E+0	2.29745E-3	2.88991E+2	2.86415E+2	-2.63229E+1	7.05553E-3	3.90079E+4
4.44538E+0	4.45101E+0	1.84836E-3	2.89007E+2	2.86409E+2	-2.63258E+1	7.06208E-3	3.90139E+4
4.48928E+0	4.50108E+0	2.20034E-3	2.89022E+2	2.86401E+2	-2.63271E+1	7.06151E-3	3.90199E+4
4.54162E+0	4.54543E+0	2.63841E-3	2.89038E+2	2.86403E+2	-2.63268E+1	7.06540E-3	3.90259E+4
4.59266E+0	4.59613E+0	3.05668E-3	2.89053E+2	2.86401E+2	-2.63257E+1	7.06023E-3	3.90319E+4
4.64301E+0	4.64904E+0	3.16431E-3	2.89066E+2	2.86401E+2	-2.63253E+1	7.06058E-3	3.90379E+4
4.69344E+0	4.69509E+0	3.08187E-3	2.89081E+2	2.86419E+2	-2.63130E+1	7.06101E-3	3.90439E+4
4.74334E+0	4.74629E+0	2.75519E-3	2.89094E+2	2.86405E+2	-2.63182E+1	7.05598E-3	3.90499E+4
4.79485E+0	4.79700E+0	3.13269E-3	2.89107E+2	2.86392E+2	-2.63258E+1	7.06378E-3	3.90559E+4
4.84155E+0	4.84516E+0	3.64934E-3	2.89123E+2	2.86401E+2	-2.63254E+1	7.05910E-3	3.90619E+4
4.88936E+0	4.89285E+0	3.56146E-3	2.89135E+2	2.86392E+2	-2.62802E+1	7.06101E-3	3.90679E+4
4.92772E+0	4.94319E+0	3.62132E-3	2.89147E+2	2.86407E+2	-2.62541E+1	7.06113E-3	3.90739E+4
4.99996E+0	5.00000E+0	2.14218E-3	2.89169E+2	2.86394E+2	-2.62697E+1	7.06404E-3	3.90882E+4
4.98659E+0	5.00000E+0	2.70457E-3	2.89178E+2	2.86375E+2	-2.62975E+1	7.06545E-3	3.90909E+4
4.95813E+0	5.00000E+0	3.32120E-3	2.89187E+2	2.86351E+2	-2.63019E+1	7.06369E-3	3.90969E+4
4.90969E+0	4.99378E+0	3.19993E-3	2.89194E+2	2.86308E+2	-2.62986E+1	7.05961E-3	3.91029E+4
4.86150E+0	4.96680E+0	3.25080E-3	2.89202E+2	2.86268E+2	-2.63221E+1	7.06022E-3	3.91089E+4
4.81253E+0	4.91664E+0	3.33447E-3	2.89210E+2	2.86243E+2	-2.63281E+1	7.06039E-3	3.91149E+4
4.76334E+0	4.86614E+0	3.38467E-3	2.89219E+2	2.86229E+2	-2.63321E+1	7.06631E-3	3.91209E+4
4.71489E+0	4.81927E+0	3.28324E-3	2.89228E+2	2.86177E+2	-2.63342E+1	7.06905E-3	3.91269E+4
4.66641E+0	4.76565E+0	3.24690E-3	2.89236E+2	2.86164E+2	-2.63339E+1	7.06786E-3	3.91329E+4
4.61720E+0	4.71641E+0	3.28794E-3	2.89244E+2	2.86132E+2	-2.63258E+1	7.06510E-3	3.91390E+4
4.56880E+0	4.67085E+0	3.18510E-3	2.89253E+2	2.86069E+2	-2.63477E+1	7.06431E-3	3.91449E+4
4.52061E+0	4.62588E+0	2.73091E-3	2.89261E+2	2.86086E+2	-2.63695E+1	7.06503E-3	3.91509E+4
4.47161E+0	4.57605E+0	2.66494E-3	2.89267E+2	2.86048E+2	-2.63409E+1	7.06769E-3	3.91569E+4
4.42240E+0	4.52461E+0	2.70423E-3	2.89275E+2	2.85983E+2	-2.63233E+1	7.07127E-3	3.91630E+4
4.37401E+0	4.47817E+0	2.87451E-3	2.89283E+2	2.85979E+2	-2.63342E+1	7.06630E-3	3.91689E+4
4.32586E+0	4.43218E+0	2.79090E-3	2.89290E+2	2.85962E+2	-2.63290E+1	7.06467E-3	3.91749E+4
4.27703E+0	4.38629E+0	2.74668E-3	2.89298E+2	2.85950E+2	-2.63161E+1	7.06667E-3	3.91809E+4
4.22798E+0	4.33644E+0	2.80710E-3	2.89304E+2	2.85901E+2	-2.63034E+1	7.06869E-3	3.91869E+4
4.17928E+0	4.28580E+0	2.75454E-3	2.89312E+2	2.85856E+2	-2.62999E+1	7.06582E-3	3.91929E+4
4.13058E+0	4.23982E+0	2.96366E-3	2.89319E+2	2.85844E+2	-2.63044E+1	7.06903E-3	3.91989E+4
4.08189E+0	4.19047E+0	3.26567E-3	2.89325E+2	2.85822E+2	-2.63184E+1	7.07062E-3	3.92049E+4
4.03319E+0	4.14132E+0	2.97872E-3	2.89330E+2	2.85782E+2	-2.63439E+1	7.07043E-3	3.92109E+4
3.98449E+0	4.09736E+0	3.02673E-3	2.89337E+2	2.85771E+2	-2.63382E+1	7.06806E-3	3.92169E+4
3.93580E+0	4.05016E+0	2.55693E-3	2.89344E+2	2.85755E+2	-2.63431E+1	7.06555E-3	3.92229E+4
3.88715E+0	3.99966E+0	2.49484E-3	2.89348E+2	2.85713E+2	-2.63617E+1	7.06631E-3	3.92289E+4
3.83850E+0	3.95334E+0	2.80328E-3	2.89354E+2	2.85684E+2	-2.63581E+1	7.06799E-3	3.92349E+4
3.78970E+0	3.90715E+0	2.50292E-3	2.89360E+2	2.85674E+2	-2.63268E+1	7.06910E-3	3.92409E+4
3.74100E+0	3.85497E+0	2.52102E-3	2.89366E+2	2.85656E+2	-2.63281E+1	7.06524E-3	3.92469E+4
3.69230E+0	3.80500E+0	2.70405E-3	2.89371E+2	2.85612E+2	-2.63392E+1	7.06422E-3	3.92529E+4
3.64361E+0	3.75991E+0	2.73695E-3	2.89375E+2	2.85607E+2	-2.62798E+1	7.06504E-3	3.92589E+4
3.59491E+0	3.71347E+0	2.71240E-3	2.89379E+2	2.85575E+2	-2.62874E+1	7.07056E-3	3.92649E+4
3.54623E+0	3.66229E+0	2.43829E-3	2.89383E+2	2.85535E+2	-2.62920E+1	7.07017E-3	3.92709E+4
3.49756E+0	3.60903E+0	2.32500E-3	2.89389E+2	2.85510E+2	-2.63226E+1	7.06924E-3	3.92769E+4
3.44881E+0	3.56270E+0	2.07505E-3	2.89394E+2	2.85499E+2	-2.63506E+1	7.07095E-3	3.92829E+4
3.40011E+0	3.51771E+0	2.21286E-3	2.89398E+2	2.85490E+2	-2.63199E+1	7.06974E-3	3.92889E+4
3.35142E+0	3.46751E+0	2.15004E-3	2.89401E+2	2.85451E+2	-2.63223E+1	7.06652E-3	3.92949E+4
3.30272E+0	3.41695E+0	2.01972E-3	2.89405E+2	2.85426E+2	-2.63492E+1	7.07057E-3	3.93009E+4
3.25402E+0	3.37043E+0	2.15167E-3	2.89409E+2	2.85410E+2	-2.63703E+1	7.07274E-3	3.93069E+4
3.20533E+0	3.32349E+0	2.03213E-3	2.89411E+2	2.85372E+2	-2.63503E+1	7.07219E-3	3.93129E+4
3.15663E+0	3.27199E+0	2.13798E-3	2.89415E+2	2.85360E+2	-2.63037E+1	7.06865E-3	3.93189E+4
3.10793E+0	3.21949E+0	2.20039E-3	2.89418E+2	2.85344E+2	-2.63306E+1	7.06958E-3	3.93249E+4
3.05926E+0	3.17518E+0	2.26221E-3	2.89421E+2	2.85325E+2	-2.63334E+1	7.07330E-3	3.93309E+4
3.01058E+0	3.12465E+0	2.38343E-3	2.89424E+2	2.85317E+2	-2.62988E+1	7.06943E-3	3.93369E+4
2.96184E+0	3.07215E+0	2.54365E-3	2.89427E+2	2.85274E+2	-2.63180E+1	7.07411E-3	3.93429E+4
2.91313E+0	3.02680E+0	2.16311E-3	2.89431E+2	2.85238E+2	-2.63404E+1	7.07596E-3	3.93489E+4
2.86444E+0	2.98258E+0	1.72597E-3	2.89435E+2	2.85218E+2	-2.63320E+1	7.07321E-3	3.93549E+4
2.81574E+0	2.93335E+0	1.80695E-3	2.89439E+2	2.85222E+2	-2.63250E+1	7.07555E-3	3.93609E+4
2.76704E+0	2.88278E+0	1.74567E-3	2.89440E+2	2.85203E+2	-2.63237E+1	7.07476E-3	3.93669E+4
2.71837E+0	2.83247E+0	1.61728E-3	2.89441E+2	2.85166E+2	-2.63321E+1	7.07416E-3	3.93729E+4
2.66943E+0	2.78250E+0	1.52698E-3	2.89443E+2	2.85133E+2	-2.63414E+1	7.07416E-3	3.93789E+4
2.62048E+0	2.73797E+0	1.58194E-3	2.89448E+2	2.85125E+2	-2.63382E+1	7.07804E-3	3.93850E+4
2.57225E+0	2.69062E+0	1.53733E-3	2.89448E+2	2.85101E+2	-2.63542E+1	7.07666E-3	3.93909E+4
2.52356E+0	2.63753E+0	1.35425E-3	2.89451E+2	2.85086E+2	-2.63778E+1	7.07593E-3	3.93969E+4
2.47485E+0	2.58500E+0	1.60402E-3	2.89454E+2	2.85064E+2	-2.63366E+1	7.07485E-3	3.94029E+4
2.42616E+0	2.54041E+0	1.99044E-3	2.89454E+2	2.85029E+2	-2.63126E+1	7.07431E-3	3.94089E+4
2.37746E+0	2.48972E+0	1.64042E-3	2.89455E+2	2.85016E+2	-2.63500E+1	7.07845E-3	3.94149E+4
2.32876E+0	2.43704E+0	1.52702E-3	2.89458E+2	2.85003E+2	-2.63443E+1	7.07984E-3	3.94209E+4
2.28006E+0	2.39083E+0	1.64005E-3	2.89458E+2	2.84968E+2	-2.63326E+1	7.07205E-3	3.94269E+4
2.23137E+0	2.34454E+0	1.68030E-3	2.89462E+2	2.84939E+2	-2.63774E+1	7.06916E-3	3.94329E+4
2.18267E+0	2.29744E+0	1.78470E-3	2.89465E+2	2.84927E+2	-2.63776E+1	7.07187E-3	3.94389E+4
2.13399E+0	2.24519E+0	1.72892E-3	2.89466E+2	2.84913E+2	-2.63382E+1	7.08139E-3	3.94449E+4
2.08535E+0	2.19497E+0	1.64266E-3	2.89468E+2	2.84914E+2	-2.63318E+1	7.08036E-3	3.94509E+4
2.03662E+0	2.15008E+0	1.30602E-3	2.89469E+2	2.84885E+2	-2.63360E+1	7.07565E-3	3.94569E+4
1.98787E+0	2.09788E+0	1.21801E-3	2.89469E+2	2.84843E+2	-2.63349E+1	7.07857E-3	3.94629E+4
1.93918E+0	2.04845E+0	1.49553E-3	2.89472E+2	2.84819E+2	-2.63466E+1	7.07985E-3	3.94689E+4
1.89048E+0	2.00285E+0	1.26964E-3	2.89475E+2	2.84818E+2	-2.63647E+1	7.08084E-3	3.94749E+4
1.81068E+0	1.91905E+0	6.03957E-4	2.89476E+2	2.84793E+2	-2.63889E+1	7.08285E-3	3.94847E+4
1.74386E+0	1.85703E+0	9.04830E-4	2.89478E+2	2.84789E+2	-2.63284E+1	7.08270E-3	3.94930E+4
1.69412E+0	1.80876E+0	9.41761E-4	2.89478E+2	2.84769E+2	-2.63257E+1	7.08114E-3	3.94991E+4
1.62586E+0	1.74042E+0	5.87050E-4	2.89478E+2	2.84745E+2	-2.63483E+1	7.07816E-3	3.95075E+4
1.57791E+0	1.68715E+0	4.58138E-4	2.89479E+2	2.84701E+2	-2.63457E+1	7.08032E-3	3.95134E+4
1.52525E+0	1.63353E+0	6.51934E-4	2.89483E+2	2.84683E+2	-2.63333E+1	7.08390E-3	3.95199E+4
1.45907E+0	1.57103E+0	1.12790E-3	2.89485E+2	2.84687E+2	-2.63510E+1	7.08287E-3	3.95281E+4
1.40967E+0	1.51795E+0	1.66442E-3	2.89486E+2	2.84663E+2	-2.63592E+1	7.08637E-3	3.95341E+4
1.35480E+0	1.46419E+0	1.82818E-3	2.89487E+2	2.84647E+2	-2.63553E+1	7.08282E-3	3.95409E+4
1.30610E+0	1.41280E+0	9.05615E-4	2.89489E+2	2.84662E+2	-2.63379E+1	7.08018E-3	3.95469E+4
1.25741E+0	1.36051E+0	9.90003E-4	2.89491E+2	2.84632E+2	-2.63133E+1	7.08259E-3	3.95529E+4
1.20871E+0	1.31553E+0	1.53059E-3	2.89490E+2	2.84591E+2	-2.63401E+1	7.07823E-3	3.95589E+4
1.16001E+0	1.26612E+0	1.10608E-3	2.89490E+2	2.84569E+2	-2.63607E+1	7.08348E-3	3.95649E+4
1.11131E+0	1.21573E+0	8.14884E-4	2.89491E+2	2.84553E+2	-2.63642E+1	7.08340E-3	3.95709E+4
1.06261E+0	1.17041E+0	1.54138E-3	2.89492E+2	2.84533E+2	-2.63395E+1	7.07984E-3	3.95769E+4
9.96436E-1	1.10340E+0	1.05501E-3	2.89493E+2	2.84503E+2	-2.63323E+1	7.08246E-3	3.95851E+4
9.47041E-1	1.04810E+0	7.21744E-5	2.89494E+2	2.84491E+2	-2.63420E+1	7.08368E-3	3.95911E+4
8.79160E-1	9.82337E-1	-4.03201E-4	2.89493E+2	2.84439E+2	-2.63375E+1	7.08308E-3	3.95995E+4
8.16520E-1	9.17934E-1	-1.23848E-4	2.89490E+2	2.84387E+2	-2.63411E+1	7.08069E-3	3.96072E+4
7.65429E-1	8.68708E-1	2.67336E-4	2.89488E+2	2.84362E+2	-2.63801E+1	7.07972E-3	3.96135E+4
7.13610E-1	8.21658E-1	4.07660E-4	2.89485E+2	2.84344E+2	-2.63972E+1	7.08174E-3	3.96199E+4
6.45133E-1	7.50947E-1	5.52546E-4	2.89486E+2	2.84307E+2	-2.63533E+1	7.08405E-3	3.96283E+4
5.35043E-1	6.44748E-1	1.10626E-4	2.89494E+2	2.84280E+2	-2.63650E+1	7.08343E-3	3.96419E+4
5.14623E-1	6.13240E-1	1.31056E-4	2.89495E+2	2.84306E+2	-2.63577E+1	7.08245E-3	3.96444E+4
4.47552E-1	5.48998E-1	1.79209E-4	2.89497E+2	2.84311E+2	-2.63488E+1	7.07995E-3	3.96527E+4
3.98678E-1	4.98054E-1	2.32925E-4	2.89496E+2	2.84296E+2	-2.63520E+1	7.08238E-3	3.96587E+4
3.40291E-1	4.41355E-1	9.88919E-5	2.89494E+2	2.84246E+2	-2.63582E+1	7.08662E-3	3.96659E+4
2.91179E-1	3.89636E-1	-1.45331E-4	2.89493E+2	2.84214E+2	-2.63476E+1	7.08571E-3	3.96720E+4
2.42776E-1	3.44244E-1	-2.38959E-5	2.89492E+2	2.84211E+2	-2.63518E+1	7.08274E-3	3.96779E+4
1.94608E-1	2.99034E-1	-8.59001E-5	2.89494E+2	2.84202E+2	-2.63547E+1	7.07973E-3	3.96839E+4
1.45633E-1	2.49763E-1	1.25866E-5	2.89498E+2	2.84214E+2	-2.63444E+1	7.07942E-3	3.96899E+4
9.64356E-2	1.98994E-1	2.03917E-4	2.89503E+2	2.84266E+2	-2.63538E+1	7.07796E-3	3.96960E+4
4.68683E-2	1.50916E-1	-2.38905E-4	2.89507E+2	2.84287E+2	-2.63698E+1	7.07578E-3	3.97019E+4
-3.48200E-4	9.89636E-2	-3.13059E-4	2.89502E+2	2.84226E+2	-2.63569E+1	7.07892E-3	3.97079E+4
-3.48200E-4	4.88041E-2	-9.73915E-6	2.89488E+2	2.84085E+2	-2.63297E+1	7.08177E-3	3.97140E+4
-8.18898E-4	1.16110E-2	9.28874E-4	2.89483E+2	2.84004E+2	-2.63532E+1	7.08090E-3	3.97220E+4
-8.32373E-2	-7.15998E-2	1.85537E-4	2.89514E+2	2.84266E+2	-2.63509E+1	7.08527E-3	3.97382E+4
-2.13859E-1	-2.05836E-1	2.71332E-4	2.89503E+2	2.84163E+2	-2.63800E+1	7.08495E-3	3.97546E+4
-2.81767E-1	-2.53778E-1	-3.46708E-4	2.89505E+2	2.84158E+2	-2.63597E+1	7.08079E-3	3.97603E+4
-3.51897E-1	-3.06916E-1	-6.20230E-4	2.89507E+2	2.84178E+2	-2.63600E+1	7.08417E-3	3.97669E+4
-4.02755E-1	-3.69525E-1	-4.99876E-4	2.89511E+2	2.84203E+2	-2.63782E+1	7.08683E-3	3.97740E+4
-4.57079E-1	-4.29248E-1	-5.82499E-4	2.89515E+2	2.84249E+2	-2.63711E+1	7.09021E-3	3.97819E+4
-5.19132E-1	-4.86416E-1	-6.54586E-4	2.89517E+2	2.84281E+2	-2.63610E+1	7.09321E-3	3.97890E+4
-5.71787E-1	-5.45613E-1	-3.66833E-4	2.89517E+2	2.84281E+2	-2.63599E+1	7.08739E-3	3.97959E+4
-6.22405E-1	-5.98443E-1	-1.15371E-4	2.89515E+2	2.84275E+2	-2.63542E+1	7.08415E-3	3.98019E+4
-6.72024E-1	-6.45140E-1	-2.45805E-4	2.89513E+2	2.84270E+2	-2.63504E+1	7.08969E-3	3.98079E+4
-7.22913E-1	-6.90516E-1	-7.21022E-5	2.89512E+2	2.84250E+2	-2.63658E+1	7.09464E-3	3.98139E+4
-7.70569E-1	-7.43055E-1	-1.83838E-4	2.89514E+2	2.84255E+2	-2.63682E+1	7.09001E-3	3.98199E+4
-8.21629E-1	-7.94408E-1	-1.30165E-4	2.89517E+2	2.84313E+2	-2.63605E+1	7.08297E-3	3.98259E+4
-8.71874E-1	-8.53425E-1	-2.37650E-4	2.89519E+2	2.84338E+2	-2.63667E+1	7.08637E-3	3.98335E+4
-9.26290E-1	-9.13080E-1	-1.82806E-4	2.89522E+2	2.84358E+2	-2.63578E+1	7.08715E-3	3.98396E+4
-9.75571E-1	-9.66644E-1	-1.65364E-4	2.89524E+2	2.84391E+2	-2.63497E+1	7.08561E-3	3.98469E+4
-1.02797E+0	-1.00926E+0	-6.35895E-4	2.89523E+2	2.84402E+2	-2.63474E+1	7.08818E-3	3.98530E+4
-1.07708E+0	-1.05951E+0	-2.99613E-4	2.89523E+2	2.84434E+2	-2.63439E+1	7.08593E-3	3.98589E+4
-1.12712E+0	-1.11179E+0	-4.57794E-4	2.89523E+2	2.84473E+2	-2.63353E+1	7.09094E-3	3.98649E+4
-1.17811E+0	-1.15791E+0	-9.73848E-4	2.89522E+2	2.84472E+2	-2.63606E+1	7.08748E-3	3.98709E+4
-1.22761E+0	-1.20398E+0	-7.47248E-4	2.89521E+2	2.84475E+2	-2.63769E+1	7.08293E-3	3.98769E+4
-1.28011E+0	-1.25672E+0	-9.23148E-4	2.89521E+2	2.84503E+2	-2.63410E+1	7.08855E-3	3.98829E+4
-1.32868E+0	-1.30880E+0	-1.05605E-3	2.89520E+2	2.84503E+2	-2.63541E+1	7.08828E-3	3.98889E+4
-1.37482E+0	-1.35498E+0	-6.24098E-4	2.89521E+2	2.84518E+2	-2.63846E+1	7.08590E-3	3.98949E+4
-1.42340E+0	-1.40072E+0	-5.71838E-4	2.89521E+2	2.84543E+2	-2.63605E+1	7.09036E-3	3.99009E+4
-1.46382E+0	-1.45308E+0	-1.03344E-3	2.89519E+2	2.84564E+2	-2.63429E+1	7.08414E-3	3.99069E+4
-1.50746E+0	-1.50518E+0	-1.44546E-3	2.89519E+2	2.84587E+2	-2.63645E+1	7.08969E-3	3.99129E+4
-1.55584E+0	-1.55095E+0	-1.32860E-3	2.89518E+2	2.84587E+2	-2.63664E+1	7.09357E-3	3.99189E+4
-1.63041E+0	-1.61445E+0	-7.97052E-4	2.89518E+2	2.84619E+2	-2.63348E+1	7.09154E-3	3.99269E+4
-1.67049E+0	-1.66056E+0	-4.67353E-4	2.89518E+2	2.84641E+2	-2.63393E+1	7.08576E-3	3.99329E+4
-1.71639E+0	-1.71106E+0	-5.66844E-4	2.89517E+2	2.84647E+2	-2.63744E+1	7.08760E-3	3.99389E+4
-1.78911E+0	-1.78074E+0	-1.14657E-3	2.89517E+2	2.84643E+2	-2.64017E+1	7.09619E-3	3.99469E+4
-1.84094E+0	-1.82824E+0	-1.73631E-3	2.89518E+2	2.84671E+2	-2.63676E+1	7.09152E-3	3.99529E+4
-1.88239E+0	-1.87567E+0	-1.73357E-3	2.89517E+2	2.84693E+2	-2.63518E+1	7.08533E-3	3.99589E+4
-1.92863E+0	-1.92787E+0	-9.62431E-4	2.89515E+2	2.84710E+2	-2.63824E+1	7.08968E-3	3.99649E+4
-1.97858E+0	-1.97810E+0	-9.11834E-4	2.89515E+2	2.84728E+2	-2.63647E+1	7.08754E-3	3.99709E+4
-2.02952E+0	-2.02373E+0	-1.16572E-3	2.89515E+2	2.84728E+2	-2.63516E+1	7.09477E-3	3.99769E+4
-2.08010E+0	-2.07050E+0	-1.31091E-3	2.89515E+2	2.84758E+2	-2.63512E+1	7.09537E-3	3.99830E+4
-2.13098E+0	-2.11817E+0	-1.61993E-3	2.89516E+2	2.84784E+2	-2.63424E+1	7.09594E-3	3.99889E+4
-2.18141E+0	-2.16632E+0	-1.26606E-3	2.89516E+2	2.84785E+2	-2.63506E+1	7.09071E-3	3.99948E+4
-2.23135E+0	-2.22042E+0	-6.16969E-4	2.89515E+2	2.84800E+2	-2.63485E+1	7.08734E-3	4.00009E+4
-2.27861E+0	-2.27190E+0	-1.18205E-3	2.89514E+2	2.84813E+2	-2.63636E+1	7.08835E-3	4.00069E+4
-2.32699E+0	-2.31812E+0	-1.75285E-3	2.89515E+2	2.84842E+2	-2.63772E+1	7.08561E-3	4.00129E+4
-2.37381E+0	-2.37105E+0	-1.99698E-3	2.89514E+2	2.84854E+2	-2.63663E+1	7.09162E-3	4.00189E+4
-2.41392E+0	-2.41938E+0	-2.17491E-3	2.89514E+2	2.84860E+2	-2.63460E+1	7.08826E-3	4.00250E+4
-2.45842E+0	-2.46357E+0	-2.37128E-3	2.89514E+2	2.84874E+2	-2.63338E+1	7.08700E-3	4.00309E+4
-2.50870E+0	-2.51360E+0	-1.98713E-3	2.89515E+2	2.84892E+2	-2.63472E+1	7.08850E-3	4.00369E+4
-2.55961E+0	-2.56552E+0	-1.69623E-3	2.89514E+2	2.84932E+2	-2.63475E+1	7.09446E-3	4.00430E+4
-2.60894E+0	-2.61254E+0	-2.05973E-3	2.89514E+2	2.84932E+2	-2.63647E+1	7.08979E-3	4.00489E+4
-2.66063E+0	-2.65876E+0	-1.86053E-3	2.89513E+2	2.84933E+2	-2.63814E+1	7.09462E-3	4.00549E+4
-2.71375E+0	-2.71082E+0	-1.98752E-3	2.89512E+2	2.84952E+2	-2.63811E+1	7.08492E-3	4.00609E+4
-2.76273E+0	-2.76097E+0	-2.00872E-3	2.89513E+2	2.84997E+2	-2.63823E+1	7.08621E-3	4.00669E+4
-2.81086E+0	-2.80690E+0	-1.56884E-3	2.89512E+2	2.84996E+2	-2.63441E+1	7.08519E-3	4.00729E+4
-2.85834E+0	-2.85389E+0	-1.57681E-3	2.89513E+2	2.85003E+2	-2.63316E+1	7.09175E-3	4.00789E+4
-2.89621E+0	-2.90606E+0	-1.78896E-3	2.89513E+2	2.85019E+2	-2.63339E+1	7.09095E-3	4.00850E+4
-2.94181E+0	-2.95625E+0	-1.67340E-3	2.89512E+2	2.85040E+2	-2.63253E+1	7.08311E-3	4.00909E+4
-2.99206E+0	-3.00183E+0	-1.68332E-3	2.89510E+2	2.85058E+2	-2.63201E+1	7.08636E-3	4.00969E+4
-3.04325E+0	-3.04947E+0	-1.82173E-3	2.89511E+2	2.85095E+2	-2.63270E+1	7.09095E-3	4.01029E+4
-3.09604E+0	-3.09645E+0	-1.80209E-3	2.89511E+2	2.85103E+2	-2.63266E+1	7.09361E-3	4.01089E+4
-3.14318E+0	-3.14689E+0	-2.07632E-3	2.89511E+2	2.85080E+2	-2.63168E+1	7.09428E-3	4.01149E+4
-3.19706E+0	-3.19622E+0	-2.43878E-3	2.89512E+2	2.85096E+2	-2.63198E+1	7.09411E-3	4.01209E+4
-3.24406E+0	-3.24796E+0	-2.34938E-3	2.89510E+2	2.85142E+2	-2.63354E+1	7.09211E-3	4.01270E+4
-3.31378E+0	-3.31877E+0	-1.88599E-3	2.89510E+2	2.85144E+2	-2.63610E+1	7.08888E-3	4.01359E+4
-3.36601E+0	-3.37104E+0	-1.82450E-3	2.89510E+2	2.85171E+2	-2.63547E+1	7.09156E-3	4.01429E+4
-3.41640E+0	-3.42325E+0	-2.08512E-3	2.89510E+2	2.85196E+2	-2.63628E+1	7.09658E-3	4.01489E+4
-3.46604E+0	-3.47496E+0	-2.46609E-3	2.89510E+2	2.85189E+2	-2.63549E+1	7.09570E-3	4.01550E+4
-3.51936E+0	-3.52168E+0	-2.62027E-3	2.89511E+2	2.85212E+2	-2.63326E+1	7.09367E-3	4.01609E+4
-3.56702E+0	-3.56775E+0	-2.29666E-3	2.89509E+2	2.85233E+2	-2.63579E+1	7.09268E-3	4.01669E+4
-3.61813E+0	-3.61385E+0	-2.39965E-3	2.89508E+2	2.85263E+2	-2.63823E+1	7.09019E-3	4.01729E+4
-3.66459E+0	-3.66593E+0	-2.89208E-3	2.89510E+2	2.85289E+2	-2.63778E+1	7.09693E-3	4.01789E+4
-3.71287E+0	-3.71709E+0	-2.91999E-3	2.89510E+2	2.85301E+2	-2.63603E+1	7.08954E-3	4.01848E+4
-3.76048E+0	-3.76231E+0	-2.71582E-3	2.89509E+2	2.85319E+2	-2.63587E+1	7.09346E-3	4.01909E+4
-3.80088E+0	-3.80748E+0	-2.50922E-3	2.89509E+2	2.85307E+2	-2.63617E+1	7.09482E-3	4.01969E+4
-3.84700E+0	-3.85416E+0	-2.10464E-3	2.89509E+2	2.85331E+2	-2.63574E+1	7.08910E-3	4.02029E+4
-3.89746E+0	-3.90655E+0	-2.44518E-3	2.89508E+2	2.85374E+2	-2.63480E+1	7.08953E-3	4.02089E+4
-3.94799E+0	-3.95674E+0	-2.90192E-3	2.89508E+2	2.85380E+2	-2.63410E+1	7.09516E-3	4.02150E+4
-3.99992E+0	-4.00154E+0	-2.86198E-3	2.89508E+2	2.85393E+2	-2.63554E+1	7.09374E-3	4.02209E+4
-4.05170E+0	-4.05275E+0	-2.52891E-3	2.89507E+2	2.85407E+2	-2.63615E+1	7.09088E-3	4.02269E+4
-4.10055E+0	-4.10277E+0	-1.90853E-3	2.89508E+2	2.85409E+2	-2.63500E+1	7.09289E-3	4.02330E+4
-4.14854E+0	-4.14950E+0	-1.93786E-3	2.89508E+2	2.85435E+2	-2.63566E+1	7.09300E-3	4.02389E+4
-4.19964E+0	-4.20826E+0	-2.52700E-3	2.89506E+2	2.85436E+2	-2.63715E+1	7.09211E-3	4.02465E+4
-4.25476E+0	-4.26321E+0	-2.79584E-3	2.89506E+2	2.85464E+2	-2.63620E+1	7.08829E-3	4.02526E+4
-4.30429E+0	-4.31844E+0	-2.53835E-3	2.89506E+2	2.85507E+2	-2.63425E+1	7.09036E-3	4.02599E+4
-4.35489E+0	-4.36538E+0	-2.36703E-3	2.89506E+2	2.85507E+2	-2.63592E+1	7.09087E-3	4.02660E+4
-4.40745E+0	-4.41007E+0	-2.37875E-3	2.89507E+2	2.85534E+2	-2.64195E+1	7.09299E-3	4.02719E+4
-4.45753E+0	-4.46041E+0	-2.61599E-3	2.89505E+2	2.85553E+2	-2.63634E+1	7.09248E-3	4.02779E+4
-4.50690E+0	-4.51144E+0	-2.76255E-3	2.89506E+2	2.85558E+2	-2.63228E+1	7.09251E-3	4.02840E+4
-4.55906E+0	-4.55831E+0	-2.45242E-3	2.89505E+2	2.85524E+2	-2.63696E+1	7.08943E-3	4.02899E+4
-4.61002E+0	-4.60346E+0	-2.52553E-3	2.89505E+2	2.85549E+2	-2.63553E+1	7.09204E-3	4.02959E+4
-4.65817E+0	-4.65425E+0	-2.92109E-3	2.89507E+2	2.85592E+2	-2.63540E+1	7.09691E-3	4.03019E+4
-4.70311E+0	-4.70666E+0	-3.31634E-3	2.89504E+2	2.85600E+2	-2.63959E+1	7.09404E-3	4.03079E+4
-4.74347E+0	-4.75205E+0	-3.14530E-3	2.89504E+2	2.85620E+2	-2.63952E+1	7.09371E-3	4.03139E+4
-4.78820E+0	-4.79844E+0	-3.27961E-3	2.89506E+2	2.85653E+2	-2.63844E+1	7.09291E-3	4.03199E+4
-4.83768E+0	-4.85126E+0	-3.04007E-3	2.89505E+2	2.85659E+2	-2.63811E+1	7.09095E-3	4.03260E+4
-4.88873E+0	-4.90500E+0	-3.22017E-3	2.89505E+2	2.85668E+2	-2.63660E+1	7.08871E-3	4.03319E+4
-4.93932E+0	-4.95119E+0	-3.26130E-3	2.89505E+2	2.85707E+2	-2.63611E+1	7.09351E-3	4.03379E+4
-4.99010E+0	-4.98588E+0	-3.67997E-3	2.89503E+2	2.85702E+2	-2.63713E+1	7.09916E-3	4.03439E+4
-4.99649E+0	-5.00000E+0	-4.38046E-3	2.89502E+2	2.85698E+2	-2.63709E+1	7.09327E-3	4.03499E+4
-4.98451E+0	-5.00000E+0	-3.51382E-3	2.89500E+2	2.85713E+2	-2.63741E+1	7.09053E-3	4.03559E+4
-4.94250E+0	-5.00000E+0	-3.30463E-3	2.89496E+2	2.85690E+2	-2.63805E+1	7.09283E-3	4.03619E+4
-4.89328E+0	-4.98932E+0	-3.49976E-3	2.89493E+2	2.85669E+2	-2.63723E+1	7.09116E-3	4.03680E+4
-4.84491E+0	-4.95050E+0	-3.42500E-3	2.89491E+2	2.85649E+2	-2.63508E+1	7.09278E-3	4.03739E+4
-4.79648E+0	-4.89736E+0	-3.30465E-3	2.89489E+2	2.85622E+2	-2.64077E+1	7.09395E-3	4.03799E+4
-4.74723E+0	-4.85048E+0	-3.03305E-3	2.89487E+2	2.85589E+2	-2.64229E+1	7.09067E-3	4.03859E+4
-4.69875E+0	-4.80408E+0	-3.05241E-3	2.89487E+2	2.85581E+2	-2.63898E+1	7.08973E-3	4.03919E+4
-4.52584E+0	-4.63357E+0	-3.73966E-3	2.89484E+2	2.85532E+2	-2.64187E+1	7.09464E-3	4.04133E+4
-4.50451E+0	-4.60564E+0	-3.41758E-3	2.89482E+2	2.85504E+2	-2.64055E+1	7.09306E-3	4.04159E+4
-4.45552E+0	-4.55310E+0	-2.83961E-3	2.89481E+2	2.85478E+2	-2.63814E+1	7.09161E-3	4.04219E+4
-4.40631E+0	-4.50820E+0	-2.73675E-3	2.89480E+2	2.85456E+2	-2.63634E+1	7.09238E-3	4.04280E+4
-4.35789E+0	-4.46299E+0	-2.80853E-3	2.89478E+2	2.85452E+2	-2.63924E+1	7.09110E-3	4.04339E+4
-4.30945E+0	-4.41178E+0	-2.68525E-3	2.89478E+2	2.85433E+2	-2.64047E+1	7.09095E-3	4.04399E+4
-4.26026E+0	-4.36060E+0	-2.77011E-3	2.89478E+2	2.85403E+2	-2.64011E+1	7.09253E-3	4.04459E+4
-4.21181E+0	-4.31291E+0	-2.77895E-3	2.89480E+2	2.85370E+2	-2.64066E+1	7.09650E-3	4.04519E+4
-4.16362E+0	-4.26765E+0	-3.27230E-3	2.89479E+2	2.85349E+2	-2.63847E+1	7.09669E-3	4.04579E+4
-4.11485E+0	-4.22246E+0	-3.62737E-3	2.89478E+2	2.85331E+2	-2.63650E+1	7.09927E-3	4.04639E+4
-3.98145E+0	-4.09636E+0	-2.66161E-3	2.89476E+2	2.85278E+2	-2.63849E+1	7.09234E-3	4.04803E+4
-3.96019E+0	-4.07045E+0	-2.60256E-3	2.89479E+2	2.85293E+2	-2.63918E+1	7.09383E-3	4.04829E+4
-3.91158E+0	-4.02244E+0	-2.53868E-3	2.89479E+2	2.85263E+2	-2.63942E+1	7.09785E-3	4.04889E+4
-3.86288E+0	-3.97229E+0	-2.56976E-3	2.89479E+2	2.85232E+2	-2.63879E+1	7.09890E-3	4.04949E+4
-3.81418E+0	-3.92075E+0	-2.38329E-3	2.89478E+2	2.85214E+2	-2.63867E+1	7.09345E-3	4.05009E+4
-3.76548E+0	-3.87580E+0	-1.97208E-3	2.89477E+2	2.85193E+2	-2.63680E+1	7.09496E-3	4.05069E+4
-3.71678E+0	-3.83136E+0	-2.08154E-3	2.89477E+2	2.85184E+2	-2.63793E+1	7.10130E-3	4.05129E+4
-3.66809E+0	-3.78431E+0	-2.24669E-3	2.89478E+2	2.85198E+2	-2.64121E+1	7.10123E-3	4.05189E+4
-3.61939E+0	-3.73271E+0	-2.13357E-3	2.89478E+2	2.85175E+2	-2.64004E+1	7.10197E-3	4.05249E+4
-3.57069E+0	-3.68166E+0	-2.27046E-3	2.89480E+2	2.85128E+2	-2.63806E+1	7.09769E-3	4.05309E+4
-3.52200E+0	-3.63543E+0	-1.91612E-3	2.89480E+2	2.85111E+2	-2.63431E+1	7.09439E-3	4.05369E+4
-3.47329E+0	-3.58389E+0	-1.89121E-3	2.89480E+2	2.85110E+2	-2.63637E+1	7.09538E-3	4.05429E+4
-3.42440E+0	-3.53523E+0	-2.29664E-3	2.89480E+2	2.85093E+2	-2.64016E+1	7.10322E-3	4.05489E+4
-3.37573E+0	-3.49136E+0	-2.65250E-3	2.89478E+2	2.85058E+2	-2.63860E+1	7.10209E-3	4.05549E+4
-3.32734E+0	-3.44140E+0	-2.46643E-3	2.89478E+2	2.85048E+2	-2.63888E+1	7.10046E-3	4.05609E+4
-3.27841E+0	-3.38998E+0	-2.01985E-3	2.89480E+2	2.85017E+2	-2.63948E+1	7.09785E-3	4.05669E+4
-3.23017E+0	-3.34301E+0	-1.85620E-3	2.89481E+2	2.84987E+2	-2.63967E+1	7.09510E-3	4.05729E+4
-3.18148E+0	-3.29537E+0	-2.28301E-3	2.89480E+2	2.84959E+2	-2.63886E+1	7.09822E-3	4.05789E+4
-3.13248E+0	-3.24261E+0	-2.23439E-3	2.89481E+2	2.84966E+2	-2.63989E+1	7.09937E-3	4.05849E+4
-3.08327E+0	-3.19316E+0	-2.06929E-3	2.89482E+2	2.84982E+2	-2.64160E+1	7.10282E-3	4.05910E+4
-3.03487E+0	-3.14691E+0	-1.96316E-3	2.89482E+2	2.84937E+2	-2.63939E+1	7.10168E-3	4.05969E+4
-2.98641E+0	-3.10129E+0	-2.11526E-3	2.89482E+2	2.84921E+2	-2.63973E+1	7.09821E-3	4.06029E+4
-2.93725E+0	-3.05599E+0	-2.01861E-3	2.89482E+2	2.84904E+2	-2.63793E+1	7.09755E-3	4.06090E+4
-2.88885E+0	-3.00492E+0	-1.69646E-3	2.89483E+2	2.84886E+2	-2.63371E+1	7.09715E-3	4.06149E+4
-2.84037E+0	-2.95157E+0	-1.64916E-3	2.89483E+2	2.84854E+2	-2.63534E+1	7.09536E-3	4.06209E+4
-2.79115E+0	-2.90415E+0	-1.53529E-3	2.89483E+2	2.84824E+2	-2.63803E+1	7.09672E-3	4.06270E+4
-2.72304E+0	-2.83531E+0	-1.26137E-3	2.89483E+2	2.84820E+2	-2.63668E+1	7.09362E-3	4.06354E+4
-2.67410E+0	-2.78792E+0	-1.21307E-3	2.89483E+2	2.84821E+2	-2.63807E+1	7.08987E-3	4.06414E+4
-2.62096E+0	-2.73617E+0	-1.45750E-3	2.89485E+2	2.84791E+2	-2.63927E+1	7.09433E-3	4.06479E+4
-2.57241E+0	-2.68510E+0	-1.52528E-3	2.89486E+2	2.84783E+2	-2.63760E+1	7.09952E-3	4.06539E+4
-2.52327E+0	-2.63854E+0	-1.30215E-3	2.89485E+2	2.84783E+2	-2.63876E+1	7.09491E-3	4.06600E+4
-2.47489E+0	-2.58661E+0	-1.10075E-3	2.89485E+2	2.84759E+2	-2.63982E+1	7.09710E-3	4.06659E+4
-2.42639E+0	-2.53777E+0	-1.34930E-3	2.89485E+2	2.84707E+2	-2.63832E+1	7.09918E-3	4.06719E+4
-2.37722E+0	-2.49217E+0	-1.61685E-3	2.89487E+2	2.84681E+2	-2.63980E+1	7.09706E-3	4.06780E+4
-2.32874E+0	-2.44468E+0	-1.96076E-3	2.89487E+2	2.84676E+2	-2.64158E+1	7.09449E-3	4.06839E+4
-2.28050E+0	-2.39299E+0	-2.06632E-3	2.89487E+2	2.84673E+2	-2.64077E+1	7.09821E-3	4.06899E+4
-2.23161E+0	-2.34102E+0	-1.69898E-3	2.89487E+2	2.84636E+2	-2.64021E+1	7.09064E-3	4.06959E+4
-2.16974E+0	-2.28242E+0	-1.00900E-3	2.89487E+2	2.84608E+2	-2.63846E+1	7.08863E-3	4.07035E+4
-2.10490E+0	-2.21550E+0	-6.59397E-4	2.89487E+2	2.84601E+2	-2.64062E+1	7.09537E-3	4.07115E+4
-2.05297E+0	-2.16100E+0	-9.22434E-4	2.89489E+2	2.84572E+2	-2.64218E+1	7.09645E-3	4.07179E+4
-1.99576E+0	-2.10304E+0	-1.32305E-3	2.89489E+2	2.84568E+2	-2.64136E+1	7.09491E-3	4.07250E+4
-1.94736E+0	-2.05283E+0	-1.73636E-3	2.89488E+2	2.84547E+2	-2.64055E+1	7.09336E-3	4.07309E+4
-1.89890E+0	-2.00673E+0	-1.64015E-3	2.89490E+2	2.84518E+2	-2.64324E+1	7.09340E-3	4.07369E+4
-1.84968E+0	-1.96066E+0	-1.30290E-3	2.89489E+2	2.84500E+2	-2.64557E+1	7.09402E-3	4.07429E+4
-1.80122E+0	-1.91390E+0	-1.19374E-3	2.89488E+2	2.84488E+2	-2.64585E+1	7.08817E-3	4.07489E+4
-1.71105E+0	-1.82637E+0	-7.73285E-4	2.89490E+2	2.84468E+2	-2.63977E+1	7.08018E-3	4.07601E+4
-1.68142E+0	-1.78032E+0	-1.26082E-3	2.89491E+2	2.84439E+2	-2.64401E+1	7.08041E-3	4.07637E+4
-1.61459E+0	-1.72161E+0	-1.62786E-3	2.89490E+2	2.84410E+2	-2.64714E+1	7.07822E-3	4.07719E+4
-1.56640E+0	-1.67628E+0	-1.01060E-3	2.89490E+2	2.84402E+2	-2.64518E+1	7.07319E-3	4.07779E+4
-1.51740E+0	-1.62356E+0	-8.80436E-4	2.89491E+2	2.84381E+2	-2.64369E+1	7.07231E-3	4.07839E+4
-1.46826E+0	-1.57036E+0	-8.59159E-4	2.89491E+2	2.84372E+2	-2.64500E+1	7.07391E-3	4.07900E+4
-1.41991E+0	-1.52392E+0	-1.08602E-3	2.89491E+2	2.84370E+2	-2.64516E+1	7.07592E-3	4.07959E+4
-1.37134E+0	-1.47922E+0	-1.03340E-3	2.89492E+2	2.84349E+2	-2.64265E+1	7.07364E-3	4.08019E+4
-1.32214E+0	-1.42929E+0	-1.16250E-3	2.89492E+2	2.84309E+2	-2.64432E+1	7.07129E-3	4.08079E+4
-1.27370E+0	-1.37720E+0	-1.03657E-3	2.89493E+2	2.84299E+2	-2.64486E+1	7.06664E-3	4.08139E+4
-1.22538E+0	-1.32977E+0	-2.97833E-4	2.89493E+2	2.84287E+2	-2.64563E+1	7.07308E-3	4.08199E+4
-1.14495E+0	-1.24847E+0	-7.20146E-4	2.89493E+2	2.84254E+2	-2.64436E+1	7.07321E-3	4.08298E+4
-1.09610E+0	-1.20117E+0	-7.14107E-4	2.89493E+2	2.84238E+2	-2.64406E+1	7.07227E-3	4.08358E+4
-1.04652E+0	-1.15560E+0	-5.95932E-4	2.89494E+2	2.84219E+2	-2.64645E+1	7.07212E-3	4.08419E+4
-9.98019E-1	-1.10440E+0	-3.95549E-4	2.89494E+2	2.84202E+2	-2.64622E+1	7.07171E-3	4.08479E+4
-9.48747E-1	-1.05309E+0	-4.83962E-4	2.89494E+2	2.84185E+2	-2.64571E+1	7.07008E-3	4.08540E+4
-9.00049E-1	-1.00842E+0	-1.17126E-3	2.89494E+2	2.84150E+2	-2.64463E+1	7.07091E-3	4.08600E+4
-8.37630E-1	-9.45832E-1	-7.24383E-4	2.89491E+2	2.84085E+2	-2.64375E+1	7.07564E-3	4.08676E+4
-7.69762E-1	-8.76953E-1	-4.14389E-4	2.89488E+2	2.84045E+2	-2.64246E+1	7.07272E-3	4.08760E+4
-7.14303E-1	-8.19130E-1	-5.16780E-4	2.89485E+2	2.84006E+2	-2.64353E+1	7.06882E-3	4.08828E+4
-6.57079E-1	-7.61923E-1	-9.91629E-4	2.89485E+2	2.83997E+2	-2.64426E+1	7.07085E-3	4.08899E+4
-5.92636E-1	-6.97643E-1	-6.79785E-4	2.89490E+2	2.83989E+2	-2.64492E+1	7.07161E-3	4.08978E+4
-5.43430E-1	-6.44684E-1	-3.59583E-4	2.89493E+2	2.83996E+2	-2.64426E+1	7.06934E-3	4.09039E+4
-4.86117E-1	-5.85190E-1	-6.55059E-4	2.89495E+2	2.83996E+2	-2.64429E+1	7.06763E-3	4.09110E+4
-4.37718E-1	-5.35564E-1	-4.87554E-4	2.89496E+2	2.83998E+2	-2.64555E+1	7.06890E-3	4.09169E+4
-3.45180E-1	-4.55035E-1	-6.57221E-4	2.89495E+2	2.83966E+2	-2.64502E+1	7.07316E-3	4.09283E+4
-3.18124E-1	-4.17074E-1	-4.99722E-4	2.89493E+2	2.83943E+2	-2.64456E+1	7.07253E-3	4.09316E+4
-2.51553E-1	-3.56662E-1	1.28422E-6	2.89491E+2	2.83927E+2	-2.64293E+1	7.07138E-3	4.09399E+4
-2.02565E-1	-3.04607E-1	1.71831E-4	2.89493E+2	2.83928E+2	-2.64360E+1	7.07215E-3	4.09459E+4
-1.53378E-1	-2.54897E-1	-2.03252E-4	2.89497E+2	2.83931E+2	-2.64637E+1	7.07293E-3	4.09519E+4
-1.04991E-1	-2.08856E-1	6.21054E-5	2.89502E+2	2.83972E+2	-2.64648E+1	7.07227E-3	4.09579E+4
-5.67634E-2	-1.57176E-1	4.00944E-4	2.89506E+2	2.84010E+2	-2.64449E+1	7.07147E-3	4.09639E+4
2.10217E-4	-1.07657E-1	3.01929E-5	2.89503E+2	2.83975E+2	-2.64445E+1	7.07209E-3	4.09699E+4
2.10217E-4	-6.27357E-2	-2.41672E-5	2.89490E+2	2.83857E+2	-2.64510E+1	7.07094E-3	4.09759E+4
3.68146E-4	-1.90922E-2	4.28222E-5	2.89484E+2	2.83769E+2	-2.64562E+1	7.07538E-3	4.09839E+4
3.56518E-2	1.37440E-2	-2.66384E-4	2.89500E+2	2.83872E+2	-2.64739E+1	7.07100E-3	4.09918E+4
7.86994E-2	5.29240E-2	-1.26071E-4	2.89512E+2	2.83976E+2	-2.64803E+1	7.07156E-3	4.09978E+4
1.25205E-1	1.02878E-1	2.86217E-4	2.89514E+2	2.84019E+2	-2.64921E+1	7.06550E-3	4.10039E+4
1.74789E-1	1.48038E-1	2.45185E-4	2.89509E+2	2.83974E+2	-2.64946E+1	7.06411E-3	4.10099E+4
2.25297E-1	1.94513E-1	-7.17437E-6	2.89506E+2	2.83940E+2	-2.64786E+1	7.06786E-3	4.10159E+4
2.86717E-1	2.60441E-1	3.62065E-5	2.89505E+2	2.83936E+2	-2.64946E+1	7.07745E-3	4.10238E+4
3.52475E-1	3.15808E-1	2.16942E-4	2.89507E+2	2.83950E+2	-2.64855E+1	7.06720E-3	4.10299E+4
4.03413E-1	3.69955E-1	1.16319E-4	2.89511E+2	2.83995E+2	-2.64715E+1	7.07203E-3	4.10369E+4
4.62312E-1	4.33599E-1	-4.41432E-4	2.89514E+2	2.84036E+2	-2.64583E+1	7.06650E-3	4.10449E+4
5.13849E-1	4.80037E-1	-4.65064E-4	2.89516E+2	2.84042E+2	-2.64671E+1	7.07046E-3	4.10509E+4
5.65048E-1	5.27157E-1	-1.24624E-4	2.89517E+2	2.84052E+2	-2.64634E+1	7.06433E-3	4.10569E+4
6.19687E-1	5.91816E-1	7.53637E-4	2.89515E+2	2.84086E+2	-2.64716E+1	7.06527E-3	4.10651E+4
6.92652E-1	6.67454E-1	5.59001E-4	2.89511E+2	2.84067E+2	-2.64450E+1	7.06940E-3	4.10736E+4
7.44564E-1	7.28128E-1	6.74249E-5	2.89511E+2	2.84056E+2	-2.64634E+1	7.07056E-3	4.10802E+4
7.90734E-1	7.79200E-1	3.04030E-4	2.89516E+2	2.84084E+2	-2.64628E+1	7.07126E-3	4.10869E+4
8.48818E-1	8.40348E-1	9.54682E-4	2.89519E+2	2.84113E+2	-2.64598E+1	7.06916E-3	4.10946E+4
9.23313E-1	9.04722E-1	4.58574E-4	2.89522E+2	2.84167E+2	-2.64174E+1	7.06350E-3	4.11027E+4
9.93369E-1	9.61039E-1	3.23059E-4	2.89522E+2	2.84196E+2	-2.64169E+1	7.06425E-3	4.11096E+4
1.04529E+0	1.01668E+0	3.77721E-4	2.89523E+2	2.84215E+2	-2.64343E+1	7.05921E-3	4.11169E+4
1.09488E+0	1.06891E+0	4.10130E-4	2.89523E+2	2.84245E+2	-2.64304E+1	7.06558E-3	4.11229E+4
1.14313E+0	1.12072E+0	7.28381E-4	2.89521E+2	2.84257E+2	-2.64323E+1	7.06029E-3	4.11289E+4
1.19011E+0	1.16859E+0	7.37158E-4	2.89521E+2	2.84262E+2	-2.64335E+1	7.06745E-3	4.11349E+4
1.23702E+0	1.21533E+0	3.84350E-4	2.89519E+2	2.84293E+2	-2.64310E+1	7.06288E-3	4.11409E+4
1.27799E+0	1.26135E+0	3.52660E-4	2.89519E+2	2.84313E+2	-2.64440E+1	7.06655E-3	4.11470E+4
1.34997E+0	1.33194E+0	2.68488E-4	2.89518E+2	2.84326E+2	-2.64357E+1	7.06012E-3	4.11550E+4
1.40240E+0	1.38983E+0	5.25790E-4	2.89518E+2	2.84334E+2	-2.64164E+1	7.06713E-3	4.11620E+4
1.46131E+0	1.45330E+0	7.28171E-4	2.89518E+2	2.84358E+2	-2.64182E+1	7.06752E-3	4.11700E+4
1.50765E+0	1.50068E+0	8.81582E-4	2.89516E+2	2.84377E+2	-2.64230E+1	7.06239E-3	4.11759E+4
1.56003E+0	1.55181E+0	9.58495E-4	2.89516E+2	2.84392E+2	-2.64378E+1	7.06434E-3	4.11819E+4
1.60875E+0	1.60335E+0	6.48074E-4	2.89516E+2	2.84386E+2	-2.64436E+1	7.06411E-3	4.11879E+4
1.66080E+0	1.65051E+0	9.66399E-4	2.89515E+2	2.84397E+2	-2.64408E+1	7.06643E-3	4.11939E+4
1.71242E+0	1.69755E+0	1.67650E-3	2.89516E+2	2.84442E+2	-2.64452E+1	7.06135E-3	4.11999E+4
1.76152E+0	1.74458E+0	1.31743E-3	2.89516E+2	2.84463E+2	-2.64225E+1	7.06045E-3	4.12059E+4
1.81276E+0	1.79599E+0	1.31573E-3	2.89516E+2	2.84460E+2	-2.64344E+1	7.06192E-3	4.12119E+4
1.85879E+0	1.84792E+0	1.06871E-3	2.89516E+2	2.84472E+2	-2.64446E+1	7.06010E-3	4.12179E+4
1.90736E+0	1.89955E+0	1.01072E-3	2.89516E+2	2.84496E+2	-2.64255E+1	7.06005E-3	4.12239E+4
1.95414E+0	1.94862E+0	1.35641E-3	2.89515E+2	2.84508E+2	-2.64165E+1	7.06038E-3	4.12299E+4
1.99510E+0	1.99479E+0	1.56766E-3	2.89514E+2	2.84512E+2	-2.64018E+1	7.06241E-3	4.12359E+4
2.03956E+0	2.04236E+0	1.33946E-3	2.89515E+2	2.84544E+2	-2.64217E+1	7.06355E-3	4.12419E+4
2.09207E+0	2.08902E+0	1.13293E-3	2.89515E+2	2.84560E+2	-2.64329E+1	7.06288E-3	4.12479E+4
2.14030E+0	2.13972E+0	1.42794E-3	2.89515E+2	2.84586E+2	-2.64484E+1	7.05861E-3	4.12540E+4
2.19273E+0	2.19188E+0	1.51170E-3	2.89514E+2	2.84611E+2	-2.64584E+1	7.06322E-3	4.12599E+4
2.24398E+0	2.23790E+0	1.92306E-3	2.89514E+2	2.84611E+2	-2.64347E+1	7.06368E-3	4.12659E+4
2.29348E+0	2.28504E+0	1.82717E-3	2.89514E+2	2.84619E+2	-2.64259E+1	7.06164E-3	4.12720E+4
2.35252E+0	2.35253E+0	1.41539E-3	2.89514E+2	2.84648E+2	-2.64673E+1	7.05639E-3	4.12799E+4
2.41625E+0	2.41503E+0	1.02384E-3	2.89514E+2	2.84662E+2	-2.64471E+1	7.05801E-3	4.12871E+4
2.46346E+0	2.46584E+0	1.15217E-3	2.89514E+2	2.84678E+2	-2.64183E+1	7.05568E-3	4.12940E+4
2.51477E+0	2.51699E+0	1.43368E-3	2.89514E+2	2.84703E+2	-2.64218E+1	7.05532E-3	4.13000E+4
2.56614E+0	2.56840E+0	1.36020E-3	2.89514E+2	2.84735E+2	-2.64235E+1	7.06255E-3	4.13059E+4
2.61668E+0	2.61514E+0	1.65353E-3	2.89512E+2	2.84740E+2	-2.64032E+1	7.06076E-3	4.13119E+4
2.66704E+0	2.65995E+0	1.85259E-3	2.89512E+2	2.84740E+2	-2.63942E+1	7.05931E-3	4.13180E+4
2.71517E+0	2.70454E+0	1.43159E-3	2.89514E+2	2.84763E+2	-2.63910E+1	7.06107E-3	4.13239E+4
2.76083E+0	2.75710E+0	1.61187E-3	2.89513E+2	2.84783E+2	-2.64118E+1	7.05911E-3	4.13299E+4
2.80066E+0	2.80952E+0	1.99298E-3	2.89512E+2	2.84805E+2	-2.64194E+1	7.05636E-3	4.13359E+4
2.84631E+0	2.85524E+0	1.88045E-3	2.89513E+2	2.84834E+2	-2.64203E+1	7.06274E-3	4.13419E+4
2.89771E+0	2.90072E+0	1.45430E-3	2.89513E+2	2.84852E+2	-2.64269E+1	7.06015E-3	4.13479E+4
2.94653E+0	2.95271E+0	1.49880E-3	2.89511E+2	2.84862E+2	-2.64097E+1	7.05977E-3	4.13539E+4
2.99665E+0	3.00427E+0	1.54358E-3	2.89511E+2	2.84878E+2	-2.64201E+1	7.05911E-3	4.13600E+4
3.04694E+0	3.04977E+0	2.01481E-3	2.89511E+2	2.84899E+2	-2.64509E+1	7.05903E-3	4.13659E+4
3.09832E+0	3.09682E+0	2.30065E-3	2.89511E+2	2.84939E+2	-2.64348E+1	7.05861E-3	4.13718E+4
3.14849E+0	3.14852E+0	2.11599E-3	2.89512E+2	2.84958E+2	-2.64194E+1	7.05484E-3	4.13779E+4
3.19890E+0	3.20174E+0	2.07872E-3	2.89511E+2	2.84947E+2	-2.64167E+1	7.06075E-3	4.13839E+4
3.24714E+0	3.24727E+0	1.53649E-3	2.89510E+2	2.84964E+2	-2.63882E+1	7.06472E-3	4.13899E+4
3.29216E+0	3.29708E+0	1.50705E-3	2.89510E+2	2.84994E+2	-2.64146E+1	7.05627E-3	4.13959E+4
3.33297E+0	3.34951E+0	2.11814E-3	2.89509E+2	2.85007E+2	-2.64561E+1	7.05526E-3	4.14019E+4
3.37753E+0	3.39676E+0	2.69698E-3	2.89509E+2	2.85004E+2	-2.64552E+1	7.06121E-3	4.14079E+4
3.42969E+0	3.44148E+0	2.47322E-3	2.89510E+2	2.85038E+2	-2.64408E+1	7.06228E-3	4.14139E+4
3.47874E+0	3.48673E+0	2.33096E-3	2.89509E+2	2.85072E+2	-2.64434E+1	7.05512E-3	4.14200E+4
3.53141E+0	3.53785E+0	2.26039E-3	2.89509E+2	2.85070E+2	-2.64358E+1	7.05960E-3	4.14259E+4
3.58366E+0	3.58857E+0	2.07443E-3	2.89510E+2	2.85081E+2	-2.64207E+1	7.05891E-3	4.14318E+4
3.63214E+0	3.63498E+0	2.41734E-3	2.89511E+2	2.85104E+2	-2.64164E+1	7.06035E-3	4.14379E+4
3.68192E+0	3.68129E+0	2.93817E-3	2.89509E+2	2.85117E+2	-2.64178E+1	7.05863E-3	4.14439E+4
3.72996E+0	3.73206E+0	2.80573E-3	2.89508E+2	2.85135E+2	-2.64226E+1	7.06823E-3	4.14499E+4
3.77671E+0	3.78227E+0	2.64115E-3	2.89507E+2	2.85147E+2	-2.63993E+1	7.05247E-3	4.14559E+4
3.82336E+0	3.82786E+0	2.62409E-3	2.89507E+2	2.85173E+2	-2.63999E+1	7.05548E-3	4.14619E+4
3.88852E+0	3.89120E+0	2.67695E-3	2.89508E+2	2.85202E+2	-2.64161E+1	7.05504E-3	4.14699E+4
3.93956E+0	3.93836E+0	2.87556E-3	2.89508E+2	2.85208E+2	-2.64175E+1	7.05809E-3	4.14759E+4
3.97729E+0	3.98905E+0	2.87173E-3	2.89509E+2	2.85220E+2	-2.64359E+1	7.06194E-3	4.14819E+4
4.02245E+0	4.03875E+0	2.57404E-3	2.89508E+2	2.85237E+2	-2.64239E+1	7.05537E-3	4.14879E+4
4.07287E+0	4.08314E+0	2.36787E-3	2.89508E+2	2.85240E+2	-2.64115E+1	7.05663E-3	4.14939E+4
4.12269E+0	4.13426E+0	2.98134E-3	2.89508E+2	2.85277E+2	-2.64142E+1	7.05701E-3	4.14999E+4
4.17421E+0	4.18571E+0	3.03442E-3	2.89506E+2	2.85277E+2	-2.64045E+1	7.05886E-3	4.15059E+4
4.22496E+0	4.22905E+0	3.07435E-3	2.89508E+2	2.85290E+2	-2.64205E+1	7.05963E-3	4.15119E+4
4.27454E+0	4.27984E+0	2.22032E-3	2.89509E+2	2.85326E+2	-2.64215E+1	7.06043E-3	4.15180E+4
4.32513E+0	4.33100E+0	1.68096E-3	2.89508E+2	2.85346E+2	-2.64154E+1	7.06082E-3	4.15239E+4
4.37662E+0	4.37549E+0	2.30534E-3	2.89506E+2	2.85359E+2	-2.64105E+1	7.05842E-3	4.15299E+4
4.42305E+0	4.42014E+0	2.61785E-3	2.89507E+2	2.85369E+2	-2.64092E+1	7.06063E-3	4.15359E+4
4.47024E+0	4.46954E+0	2.56263E-3	2.89506E+2	2.85383E+2	-2.63963E+1	7.05925E-3	4.15419E+4
4.51671E+0	4.52167E+0	2.06750E-3	2.89507E+2	2.85405E+2	-2.63986E+1	7.05768E-3	4.15479E+4
4.55866E+0	4.56755E+0	2.45425E-3	2.89506E+2	2.85420E+2	-2.64032E+1	7.05724E-3	4.15539E+4
4.60538E+0	4.61282E+0	2.37205E-3	2.89507E+2	2.85441E+2	-2.64181E+1	7.05633E-3	4.15599E+4
4.65537E+0	4.65920E+0	2.33487E-3	2.89505E+2	2.85460E+2	-2.64367E+1	7.05278E-3	4.15659E+4
4.70618E+0	4.70954E+0	2.96920E-3	2.89505E+2	2.85493E+2	-2.64228E+1	7.06049E-3	4.15719E+4
4.75553E+0	4.76065E+0	2.88831E-3	2.89505E+2	2.85511E+2	-2.64305E+1	7.06254E-3	4.15779E+4
4.80905E+0	4.80719E+0	2.89999E-3	2.89504E+2	2.85494E+2	-2.64136E+1	7.05532E-3	4.15839E+4
4.85907E+0	4.85954E+0	2.89817E-3	2.89505E+2	2.85504E+2	-2.64043E+1	7.05618E-3	4.15899E+4
4.90781E+0	4.91301E+0	2.64687E-3	2.89507E+2	2.85533E+2	-2.64209E+1	7.05591E-3	4.15959E+4
4.95557E+0	4.96152E+0	3.37556E-3	2.89506E+2	2.85552E+2	-2.64133E+1	7.05545E-3	4.16019E+4
4.98604E+0	4.99152E+0	4.16242E-3	2.89504E+2	2.85552E+2	-2.63942E+1	7.05344E-3	4.16079E+4
4.99891E+0	5.00000E+0	4.83793E-3	2.89503E+2	2.85550E+2	-2.63875E+1	7.05347E-3	4.16139E+4
4.99996E+0	5.00000E+0	4.49814E-3	2.89501E+2	2.85549E+2	-2.64007E+1	7.06196E-3	4.16200E+4
4.98886E+0	5.00000E+0	3.00615E-3	2.89499E+2	2.85558E+2	-2.64038E+1	7.05621E-3	4.16259E+4
4.94349E+0	4.99765E+0	2.76094E-3	2.89495E+2	2.85539E+2	-2.63858E+1	7.05395E-3	4.16319E+4
4.89423E+0	4.97387E+0	2.96234E-3	2.89492E+2	2.85500E+2	-2.64147E+1	7.05650E-3	4.16379E+4
4.84696E+0	4.92527E+0	3.25356E-3	2.89491E+2	2.85490E+2	-2.64215E+1	7.05723E-3	4.16439E+4
4.79994E+0	4.87876E+0	3.64327E-3	2.89488E+2	2.85469E+2	-2.64084E+1	7.05398E-3	4.16499E+4
4.75115E+0	4.82615E+0	3.41003E-3	2.89487E+2	2.85468E+2	-2.64068E+1	7.05520E-3	4.16559E+4
4.71067E+0	4.77494E+0	2.94539E-3	2.89486E+2	2.85458E+2	-2.64014E+1	7.05757E-3	4.16620E+4
4.66669E+0	4.72706E+0	2.47754E-3	2.89484E+2	2.85415E+2	-2.63989E+1	7.05720E-3	4.16679E+4
4.61746E+0	4.68074E+0	2.38631E-3	2.89484E+2	2.85386E+2	-2.63951E+1	7.05427E-3	4.16739E+4
4.56617E+0	4.63668E+0	2.73690E-3	2.89484E+2	2.85385E+2	-2.63974E+1	7.05762E-3	4.16800E+4
4.51735E+0	4.58644E+0	2.80244E-3	2.89484E+2	2.85367E+2	-2.63940E+1	7.05750E-3	4.16859E+4
4.46518E+0	4.53374E+0	3.12951E-3	2.89480E+2	2.85329E+2	-2.63973E+1	7.05265E-3	4.16919E+4
4.41442E+0	4.48757E+0	3.27702E-3	2.89481E+2	2.85319E+2	-2.64225E+1	7.06292E-3	4.16979E+4
4.36435E+0	4.44361E+0	2.93838E-3	2.89482E+2	2.85319E+2	-2.64201E+1	7.06027E-3	4.17039E+4
4.31420E+0	4.39429E+0	2.51362E-3	2.89481E+2	2.85307E+2	-2.63800E+1	7.06168E-3	4.17099E+4
4.26632E+0	4.34138E+0	2.34931E-3	2.89480E+2	2.85284E+2	-2.63953E+1	7.05858E-3	4.17159E+4
4.21929E+0	4.29511E+0	2.91310E-3	2.89480E+2	2.85267E+2	-2.64248E+1	7.05801E-3	4.17220E+4
4.17076E+0	4.24713E+0	3.40505E-3	2.89479E+2	2.85236E+2	-2.64048E+1	7.05491E-3	4.17279E+4
4.13191E+0	4.19702E+0	3.12819E-3	2.89479E+2	2.85216E+2	-2.64060E+1	7.05528E-3	4.17339E+4
4.08754E+0	4.15112E+0	2.77651E-3	2.89478E+2	2.85194E+2	-2.64125E+1	7.05939E-3	4.17399E+4
4.03851E+0	4.10708E+0	2.84343E-3	2.89478E+2	2.85183E+2	-2.64033E+1	7.06117E-3	4.17459E+4
3.98696E+0	4.06064E+0	2.56359E-3	2.89478E+2	2.85156E+2	-2.63960E+1	7.06169E-3	4.17519E+4
3.93734E+0	4.01001E+0	2.35654E-3	2.89479E+2	2.85142E+2	-2.63857E+1	7.06021E-3	4.17579E+4
3.88871E+0	3.96080E+0	2.51301E-3	2.89478E+2	2.85123E+2	-2.63902E+1	7.05921E-3	4.17640E+4
3.83670E+0	3.91514E+0	2.62165E-3	2.89478E+2	2.85085E+2	-2.64067E+1	7.06928E-3	4.17699E+4
3.78554E+0	3.86496E+0	2.11579E-3	2.89480E+2	2.85093E+2	-2.64168E+1	7.05941E-3	4.17759E+4
3.73603E+0	3.81462E+0	2.11117E-3	2.89480E+2	2.85082E+2	-2.64210E+1	7.06457E-3	4.17820E+4
3.68516E+0	3.77052E+0	2.11305E-3	2.89480E+2	2.85051E+2	-2.64151E+1	7.05901E-3	4.17879E+4
3.63652E+0	3.72062E+0	1.78617E-3	2.89480E+2	2.85025E+2	-2.64117E+1	7.06439E-3	4.17939E+4
3.59072E+0	3.66968E+0	1.47810E-3	2.89480E+2	2.85004E+2	-2.64060E+1	7.06238E-3	4.17999E+4
3.54217E+0	3.62388E+0	2.02796E-3	2.89480E+2	2.84988E+2	-2.64018E+1	7.06137E-3	4.18059E+4
3.50359E+0	3.57675E+0	2.15439E-3	2.89480E+2	2.84972E+2	-2.64175E+1	7.06309E-3	4.18119E+4
3.45786E+0	3.52369E+0	1.95000E-3	2.89479E+2	2.84954E+2	-2.63998E+1	7.06192E-3	4.18179E+4
3.40788E+0	3.47107E+0	2.32014E-3	2.89481E+2	2.84945E+2	-2.63751E+1	7.05859E-3	4.18240E+4
3.35787E+0	3.42647E+0	2.14370E-3	2.89481E+2	2.84937E+2	-2.64235E+1	7.06335E-3	4.18299E+4
3.30622E+0	3.38083E+0	2.09430E-3	2.89481E+2	2.84913E+2	-2.64318E+1	7.06930E-3	4.18359E+4
3.25505E+0	3.32918E+0	2.01353E-3	2.89482E+2	2.84888E+2	-2.63880E+1	7.06147E-3	4.18419E+4
3.20573E+0	3.28055E+0	2.06687E-3	2.89482E+2	2.84858E+2	-2.63790E+1	7.06508E-3	4.18479E+4
3.15248E+0	3.23513E+0	2.11624E-3	2.89482E+2	2.84858E+2	-2.64117E+1	7.06128E-3	4.18539E+4
3.10473E+0	3.18397E+0	1.95581E-3	2.89482E+2	2.84849E+2	-2.64125E+1	7.06793E-3	4.18599E+4
3.05737E+0	3.13184E+0	1.56190E-3	2.89484E+2	2.84802E+2	-2.63923E+1	7.06623E-3	4.18659E+4
3.00898E+0	3.08680E+0	1.88555E-3	2.89484E+2	2.84783E+2	-2.63876E+1	7.06419E-3	4.18719E+4
2.96326E+0	3.04199E+0	2.20205E-3	2.89483E+2	2.84783E+2	-2.63970E+1	7.05971E-3	4.18779E+4
2.92217E+0	2.99417E+0	1.73900E-3	2.89483E+2	2.84760E+2	-2.64181E+1	7.06822E-3	4.18840E+4
2.87670E+0	2.94099E+0	1.69261E-3	2.89484E+2	2.84743E+2	-2.64473E+1	7.06638E-3	4.18899E+4
2.82608E+0	2.88821E+0	1.57711E-3	2.89484E+2	2.84718E+2	-2.64270E+1	7.06132E-3	4.18959E+4
2.77555E+0	2.84219E+0	1.75237E-3	2.89485E+2	2.84705E+2	-2.63979E+1	7.05963E-3	4.19019E+4
2.72465E+0	2.79747E+0	1.44960E-3	2.89485E+2	2.84691E+2	-2.64126E+1	7.06387E-3	4.19079E+4
2.67483E+0	2.74716E+0	1.71263E-3	2.89486E+2	2.84652E+2	-2.64199E+1	7.06464E-3	4.19139E+4
2.62218E+0	2.69527E+0	1.82966E-3	2.89488E+2	2.84657E+2	-2.64026E+1	7.06249E-3	4.19199E+4
2.57491E+0	2.64388E+0	1.79545E-3	2.89486E+2	2.84650E+2	-2.63887E+1	7.06232E-3	4.19260E+4
2.52372E+0	2.59436E+0	2.05425E-3	2.89486E+2	2.84623E+2	-2.63724E+1	7.07225E-3	4.19319E+4
2.47843E+0	2.54714E+0	2.03899E-3	2.89486E+2	2.84603E+2	-2.63977E+1	7.06642E-3	4.19379E+4
2.42903E+0	2.49992E+0	1.77179E-3	2.89487E+2	2.84580E+2	-2.64202E+1	7.05854E-3	4.19439E+4
2.39083E+0	2.45358E+0	1.72154E-3	2.89487E+2	2.84562E+2	-2.63996E+1	7.06123E-3	4.19499E+4
2.34633E+0	2.40660E+0	1.50428E-3	2.89486E+2	2.84555E+2	-2.63900E+1	7.06278E-3	4.19559E+4
2.29583E+0	2.35541E+0	1.11060E-3	2.89487E+2	2.84547E+2	-2.64187E+1	7.06332E-3	4.19619E+4
2.24648E+0	2.30480E+0	1.39669E-3	2.89486E+2	2.84511E+2	-2.64414E+1	7.06264E-3	4.19679E+4
2.19717E+0	2.25850E+0	1.64621E-3	2.89488E+2	2.84487E+2	-2.64353E+1	7.06405E-3	4.19739E+4
2.14569E+0	2.21161E+0	1.15461E-3	2.89488E+2	2.84452E+2	-2.64142E+1	7.06533E-3	4.19799E+4
2.09594E+0	2.16211E+0	9.60045E-4	2.89488E+2	2.84446E+2	-2.64006E+1	7.06308E-3	4.19859E+4
2.04507E+0	2.11172E+0	1.22550E-3	2.89489E+2	2.84463E+2	-2.63994E+1	7.05711E-3	4.19919E+4
1.98732E+0	2.04552E+0	1.28497E-3	2.89488E+2	2.84426E+2	-2.63656E+1	7.06451E-3	4.20000E+4
1.91943E+0	1.99098E+0	1.04705E-3	2.89489E+2	2.84436E+2	-2.63651E+1	7.06355E-3	4.20061E+4
1.87361E+0	1.93749E+0	8.46547E-4	2.89489E+2	2.84415E+2	-2.63915E+1	7.06620E-3	4.20129E+4
1.82460E+0	1.88725E+0	6.96254E-4	2.89490E+2	2.84382E+2	-2.64056E+1	7.06518E-3	4.20189E+4
1.72808E+0	1.76751E+0	1.08441E-3	2.89491E+2	2.84335E+2	-2.64244E+1	7.06304E-3	4.20347E+4
1.69149E+0	1.74646E+0	9.37895E-4	2.89492E+2	2.84348E+2	-2.64024E+1	7.06091E-3	4.20370E+4
1.64263E+0	1.69454E+0	8.07418E-4	2.89491E+2	2.84340E+2	-2.63971E+1	7.06676E-3	4.20429E+4
1.59236E+0	1.64369E+0	9.89248E-4	2.89491E+2	2.84301E+2	-2.64156E+1	7.06493E-3	4.20489E+4
1.54051E+0	1.59223E+0	1.10047E-3	2.89493E+2	2.84281E+2	-2.64077E+1	7.06591E-3	4.20549E+4
1.47399E+0	1.50960E+0	5.80284E-4	2.89495E+2	2.84285E+2	-2.64016E+1	7.06070E-3	4.20663E+4
1.41169E+0	1.46891E+0	1.04641E-3	2.89495E+2	2.84258E+2	-2.64219E+1	7.06265E-3	4.20699E+4
1.35381E+0	1.40899E+0	1.31846E-3	2.89496E+2	2.84236E+2	-2.64222E+1	7.05859E-3	4.20780E+4
1.30305E+0	1.35482E+0	4.82351E-4	2.89495E+2	2.84205E+2	-2.64069E+1	7.07085E-3	4.20840E+4
1.24954E+0	1.30444E+0	5.71108E-4	2.89495E+2	2.84198E+2	-2.63930E+1	7.06002E-3	4.20899E+4
1.20319E+0	1.26023E+0	1.37911E-3	2.89496E+2	2.84196E+2	-2.63724E+1	7.06150E-3	4.20959E+4
1.16417E+0	1.21108E+0	6.15155E-4	2.89496E+2	2.84141E+2	-2.63843E+1	7.06352E-3	4.21020E+4
1.09256E+0	1.14266E+0	5.95420E-5	2.89496E+2	2.84125E+2	-2.63859E+1	7.06222E-3	4.21100E+4
1.04429E+0	1.07979E+0	4.75396E-4	2.89497E+2	2.84127E+2	-2.63894E+1	7.06374E-3	4.21176E+4
9.85863E-1	1.02625E+0	2.59567E-4	2.89495E+2	2.84126E+2	-2.63978E+1	7.06288E-3	4.21237E+4
9.31098E-1	9.73758E-1	-4.46385E-5	2.89494E+2	2.84088E+2	-2.63848E+1	7.06098E-3	4.21309E+4
8.79611E-1	9.26819E-1	7.60915E-4	2.89493E+2	2.84041E+2	-2.63926E+1	7.06272E-3	4.21369E+4
8.14858E-1	8.41438E-1	9.38543E-4	2.89490E+2	2.83979E+2	-2.64109E+1	7.06311E-3	4.21481E+4
7.46019E-1	8.02763E-1	9.01421E-4	2.89487E+2	2.83951E+2	-2.63836E+1	7.05849E-3	4.21516E+4
6.93223E-1	7.36721E-1	9.15020E-4	2.89489E+2	2.83942E+2	-2.63840E+1	7.06685E-3	4.21599E+4
6.46151E-1	6.85077E-1	9.77110E-4	2.89492E+2	2.83956E+2	-2.64020E+1	7.06272E-3	4.21659E+4
5.92960E-1	6.34842E-1	7.95351E-4	2.89495E+2	2.83966E+2	-2.63994E+1	7.06395E-3	4.21719E+4
5.43005E-1	5.89113E-1	8.45990E-4	2.89496E+2	2.83957E+2	-2.64023E+1	7.06624E-3	4.21779E+4
4.96077E-1	5.42273E-1	7.14539E-4	2.89497E+2	2.83952E+2	-2.63975E+1	7.06533E-3	4.21839E+4
4.47515E-1	4.90758E-1	2.71840E-5	2.89497E+2	2.83950E+2	-2.63909E+1	7.06131E-3	4.21900E+4
4.09762E-1	4.41571E-1	3.10535E-4	2.89494E+2	2.83934E+2	-2.63846E+1	7.05913E-3	4.21959E+4
3.44484E-1	3.74802E-1	5.47961E-4	2.89492E+2	2.83869E+2	-2.63846E+1	7.05893E-3	4.22042E+4
2.86601E-1	3.27575E-1	3.42682E-4	2.89493E+2	2.83873E+2	-2.63962E+1	7.06357E-3	4.22103E+4
2.39033E-1	2.73001E-1	7.08618E-5	2.89495E+2	2.83881E+2	-2.64122E+1	7.06369E-3	4.22169E+4
1.91145E-1	2.19773E-1	-2.89012E-4	2.89498E+2	2.83896E+2	-2.64092E+1	7.06235E-3	4.22229E+4
1.38351E-1	1.72997E-1	-3.54715E-4	2.89505E+2	2.83934E+2	-2.63891E+1	7.06196E-3	4.22289E+4
9.08320E-2	1.26631E-1	8.63711E-5	2.89505E+2	2.83934E+2	-2.63713E+1	7.05920E-3	4.22349E+4
3.82806E-2	7.45653E-2	6.81498E-5	2.89496E+2	2.83842E+2	-2.63750E+1	7.06748E-3	4.22410E+4
1.79727E-3	3.06125E-2	2.55976E-5	2.89486E+2	2.83719E+2	-2.63825E+1	7.05869E-3	4.22469E+4
