B_digital_(T)	B_analog_(T)	moment_(emu)	T_VTI_(K)	T_sample_(K)	sense_phase	sense_amplitude	Time
0.00000E+0	1.26138E-3	-2.93789E-5	2.99491E+2	2.92202E+2	-2.63019E+1	6.97171E-3	3.34614E+4
7.81818E-4	2.38932E-3	-6.37201E-5	2.99494E+2	2.92222E+2	-2.62864E+1	6.96787E-3	3.34636E+4
3.00129E-2	1.55197E-2	-1.70483E-4	2.99506E+2	2.92277E+2	-2.62851E+1	6.96573E-3	3.34695E+4
7.44409E-2	5.30329E-2	-4.50320E-5	2.99519E+2	2.92311E+2	-2.62939E+1	6.96708E-3	3.34756E+4
1.24964E-1	1.02520E-1	1.53178E-4	2.99520E+2	2.92310E+2	-2.62865E+1	6.96539E-3	3.34816E+4
1.75220E-1	1.47271E-1	-2.82748E-4	2.99514E+2	2.92323E+2	-2.62781E+1	6.96495E-3	3.34876E+4
2.25531E-1	1.99335E-1	-4.67223E-4	2.99510E+2	2.92344E+2	-2.62920E+1	6.96626E-3	3.34936E+4
2.75496E-1	2.52060E-1	-3.53676E-4	2.99509E+2	2.92343E+2	-2.63221E+1	6.96974E-3	3.34996E+4
3.26743E-1	2.97777E-1	-3.52221E-4	2.99509E+2	2.92332E+2	-2.63359E+1	6.96857E-3	3.35056E+4
3.77484E-1	3.42914E-1	2.03255E-4	2.99512E+2	2.92338E+2	-2.63514E+1	6.97153E-3	3.35116E+4
4.28109E-1	3.94474E-1	4.45024E-4	2.99515E+2	2.92352E+2	-2.63672E+1	6.95914E-3	3.35176E+4
4.74443E-1	4.45522E-1	7.23880E-5	2.99518E+2	2.92368E+2	-2.63661E+1	6.96447E-3	3.35236E+4
5.22131E-1	4.91373E-1	-1.25136E-4	2.99520E+2	2.92365E+2	-2.62946E+1	6.96371E-3	3.35296E+4
5.59891E-1	5.37567E-1	4.32808E-4	2.99520E+2	2.92359E+2	-2.62659E+1	6.96946E-3	3.35356E+4
6.06155E-1	5.89850E-1	4.83063E-4	2.99519E+2	2.92363E+2	-2.62859E+1	6.97652E-3	3.35416E+4
6.55680E-1	6.39933E-1	4.29135E-4	2.99515E+2	2.92363E+2	-2.62949E+1	6.96801E-3	3.35476E+4
7.06933E-1	6.85198E-1	6.13312E-4	2.99512E+2	2.92359E+2	-2.62867E+1	6.97294E-3	3.35536E+4
7.57959E-1	7.38250E-1	2.68220E-4	2.99514E+2	2.92379E+2	-2.62566E+1	6.96955E-3	3.35596E+4
8.07530E-1	7.89121E-1	2.18217E-4	2.99518E+2	2.92397E+2	-2.62359E+1	6.97471E-3	3.35656E+4
8.60197E-1	8.35102E-1	7.82340E-4	2.99522E+2	2.92400E+2	-2.62631E+1	6.98274E-3	3.35715E+4
9.07830E-1	8.85960E-1	6.68334E-4	2.99524E+2	2.92425E+2	-2.62827E+1	6.96921E-3	3.35776E+4
9.59649E-1	9.36578E-1	4.71372E-4	2.99524E+2	2.92429E+2	-2.63010E+1	6.96137E-3	3.35836E+4
1.00724E+0	9.87870E-1	7.29006E-4	2.99525E+2	2.92426E+2	-2.63144E+1	6.96430E-3	3.35906E+4
1.05364E+0	1.03680E+0	8.23522E-4	2.99524E+2	2.92441E+2	-2.63005E+1	6.97113E-3	3.35966E+4
1.10520E+0	1.08789E+0	9.66635E-4	2.99524E+2	2.92449E+2	-2.62745E+1	6.96547E-3	3.36026E+4
1.15697E+0	1.13295E+0	7.91940E-4	2.99525E+2	2.92459E+2	-2.62690E+1	6.96688E-3	3.36086E+4
1.20569E+0	1.18451E+0	7.45560E-4	2.99523E+2	2.92465E+2	-2.62753E+1	6.96835E-3	3.36146E+4
1.25807E+0	1.23337E+0	6.79338E-4	2.99521E+2	2.92484E+2	-2.62940E+1	6.96877E-3	3.36206E+4
1.30755E+0	1.29054E+0	5.37994E-4	2.99521E+2	2.92509E+2	-2.62433E+1	6.96109E-3	3.36283E+4
1.36701E+0	1.33866E+0	7.27048E-4	2.99522E+2	2.92505E+2	-2.62158E+1	6.96481E-3	3.36343E+4
1.41684E+0	1.39511E+0	1.16867E-3	2.99521E+2	2.92501E+2	-2.62595E+1	6.96871E-3	3.36406E+4
1.46515E+0	1.44729E+0	1.36663E-3	2.99521E+2	2.92497E+2	-2.62840E+1	6.95866E-3	3.36466E+4
1.51289E+0	1.49263E+0	1.43898E-3	2.99520E+2	2.92488E+2	-2.62448E+1	6.96479E-3	3.36526E+4
1.55018E+0	1.53847E+0	1.23953E-3	2.99519E+2	2.92472E+2	-2.62210E+1	6.96052E-3	3.36586E+4
1.59592E+0	1.59017E+0	7.75004E-4	2.99518E+2	2.92467E+2	-2.62346E+1	6.96397E-3	3.36646E+4
1.64657E+0	1.63914E+0	7.99393E-4	2.99519E+2	2.92500E+2	-2.62761E+1	6.96741E-3	3.36706E+4
1.69733E+0	1.68484E+0	9.02143E-4	2.99520E+2	2.92517E+2	-2.62829E+1	6.96902E-3	3.36766E+4
1.74758E+0	1.73693E+0	1.39444E-3	2.99521E+2	2.92511E+2	-2.62383E+1	6.97309E-3	3.36825E+4
1.79820E+0	1.78776E+0	1.41890E-3	2.99521E+2	2.92507E+2	-2.62004E+1	6.96967E-3	3.36886E+4
1.85219E+0	1.84345E+0	8.25541E-4	2.99520E+2	2.92504E+2	-2.61997E+1	6.96617E-3	3.36953E+4
1.90844E+0	1.89613E+0	1.05521E-3	2.99519E+2	2.92526E+2	-2.62467E+1	6.97296E-3	3.37021E+4
1.96131E+0	1.94843E+0	1.83214E-3	2.99518E+2	2.92537E+2	-2.62458E+1	6.96741E-3	3.37084E+4
2.01324E+0	2.00150E+0	1.85343E-3	2.99518E+2	2.92538E+2	-2.62120E+1	6.96641E-3	3.37146E+4
2.06394E+0	2.04805E+0	1.14011E-3	2.99518E+2	2.92543E+2	-2.62387E+1	6.96958E-3	3.37206E+4
2.10951E+0	2.09374E+0	9.11329E-4	2.99517E+2	2.92535E+2	-2.62186E+1	6.97049E-3	3.37266E+4
2.15845E+0	2.13919E+0	9.26505E-4	2.99518E+2	2.92530E+2	-2.61891E+1	6.97156E-3	3.37326E+4
2.20421E+0	2.19078E+0	1.35198E-3	2.99518E+2	2.92550E+2	-2.62197E+1	6.96530E-3	3.37386E+4
2.24519E+0	2.24230E+0	1.59910E-3	2.99517E+2	2.92543E+2	-2.62232E+1	6.96481E-3	3.37446E+4
2.29180E+0	2.28784E+0	1.62513E-3	2.99518E+2	2.92553E+2	-2.62368E+1	6.96106E-3	3.37506E+4
2.35207E+0	2.34331E+0	1.03417E-3	2.99517E+2	2.92541E+2	-2.62298E+1	6.96609E-3	3.37573E+4
2.40689E+0	2.40267E+0	8.10143E-4	2.99517E+2	2.92540E+2	-2.62222E+1	6.96190E-3	3.37647E+4
2.46686E+0	2.45468E+0	1.48996E-3	2.99517E+2	2.92563E+2	-2.62028E+1	6.96155E-3	3.37711E+4
2.51517E+0	2.51472E+0	2.31366E-3	2.99516E+2	2.92578E+2	-2.61891E+1	6.96284E-3	3.37776E+4
2.56785E+0	2.56411E+0	2.65881E-3	2.99515E+2	2.92581E+2	-2.62044E+1	6.96141E-3	3.37836E+4
2.61818E+0	2.61061E+0	2.20106E-3	2.99515E+2	2.92584E+2	-2.62098E+1	6.95719E-3	3.37895E+4
2.66649E+0	2.65658E+0	1.55182E-3	2.99513E+2	2.92595E+2	-2.61922E+1	6.95962E-3	3.37956E+4
2.71487E+0	2.70777E+0	1.48183E-3	2.99513E+2	2.92600E+2	-2.62157E+1	6.95981E-3	3.38016E+4
2.76104E+0	2.75829E+0	1.62996E-3	2.99513E+2	2.92604E+2	-2.62165E+1	6.96367E-3	3.38076E+4
2.79945E+0	2.80346E+0	1.65627E-3	2.99513E+2	2.92608E+2	-2.62295E+1	6.96012E-3	3.38136E+4
2.84586E+0	2.84989E+0	1.96449E-3	2.99511E+2	2.92615E+2	-2.62491E+1	6.96015E-3	3.38196E+4
2.89594E+0	2.89641E+0	2.13408E-3	2.99511E+2	2.92608E+2	-2.62205E+1	6.96184E-3	3.38256E+4
2.94608E+0	2.94868E+0	2.04973E-3	2.99511E+2	2.92618E+2	-2.61687E+1	6.95995E-3	3.38316E+4
2.99704E+0	3.00192E+0	1.64854E-3	2.99510E+2	2.92623E+2	-2.61992E+1	6.95590E-3	3.38376E+4
3.04714E+0	3.04736E+0	1.99987E-3	2.99510E+2	2.92606E+2	-2.62531E+1	6.95861E-3	3.38436E+4
3.10064E+0	3.09210E+0	2.14111E-3	2.99511E+2	2.92611E+2	-2.62089E+1	6.95710E-3	3.38496E+4
3.14857E+0	3.14313E+0	2.33726E-3	2.99510E+2	2.92634E+2	-2.61978E+1	6.95801E-3	3.38556E+4
3.19880E+0	3.19387E+0	2.22043E-3	2.99510E+2	2.92644E+2	-2.62214E+1	6.95361E-3	3.38616E+4
3.24588E+0	3.24001E+0	2.13662E-3	2.99509E+2	2.92640E+2	-2.62392E+1	6.95075E-3	3.38676E+4
3.29462E+0	3.29303E+0	1.84521E-3	2.99509E+2	2.92647E+2	-2.62376E+1	6.95101E-3	3.38736E+4
3.34033E+0	3.34316E+0	2.19093E-3	2.99509E+2	2.92642E+2	-2.62145E+1	6.95910E-3	3.38796E+4
3.39184E+0	3.39301E+0	3.02521E-3	2.99509E+2	2.92650E+2	-2.62380E+1	6.95657E-3	3.38863E+4
3.44298E+0	3.43834E+0	3.40019E-3	2.99509E+2	2.92668E+2	-2.62421E+1	6.95311E-3	3.38922E+4
3.49574E+0	3.49214E+0	3.10413E-3	2.99508E+2	2.92665E+2	-2.62310E+1	6.95371E-3	3.38986E+4
3.54660E+0	3.54432E+0	2.38269E-3	2.99507E+2	2.92671E+2	-2.62492E+1	6.95482E-3	3.39046E+4
3.59178E+0	3.58997E+0	2.13297E-3	2.99506E+2	2.92678E+2	-2.62643E+1	6.95411E-3	3.39106E+4
3.64143E+0	3.64096E+0	2.50024E-3	2.99505E+2	2.92649E+2	-2.62573E+1	6.95125E-3	3.39166E+4
3.67929E+0	3.69137E+0	2.97264E-3	2.99506E+2	2.92645E+2	-2.62353E+1	6.95644E-3	3.39226E+4
3.72381E+0	3.73760E+0	3.26098E-3	2.99506E+2	2.92685E+2	-2.62724E+1	6.95688E-3	3.39286E+4
3.77750E+0	3.78880E+0	2.89549E-3	2.99505E+2	2.92682E+2	-2.62615E+1	6.95611E-3	3.39346E+4
3.83034E+0	3.83577E+0	2.67590E-3	2.99504E+2	2.92690E+2	-2.62331E+1	6.94952E-3	3.39406E+4
3.87812E+0	3.88235E+0	3.13895E-3	2.99504E+2	2.92708E+2	-2.62470E+1	6.95241E-3	3.39466E+4
3.92850E+0	3.93359E+0	3.22434E-3	2.99505E+2	2.92710E+2	-2.62622E+1	6.95323E-3	3.39526E+4
3.97848E+0	3.98104E+0	2.53641E-3	2.99507E+2	2.92703E+2	-2.62849E+1	6.95294E-3	3.39586E+4
4.02912E+0	4.02598E+0	2.17367E-3	2.99504E+2	2.92702E+2	-2.62540E+1	6.95748E-3	3.39646E+4
4.07486E+0	4.07161E+0	2.26154E-3	2.99503E+2	2.92717E+2	-2.62169E+1	6.95095E-3	3.39706E+4
4.12376E+0	4.11939E+0	3.04632E-3	2.99504E+2	2.92731E+2	-2.62077E+1	6.95495E-3	3.39766E+4
4.16437E+0	4.17228E+0	3.25972E-3	2.99505E+2	2.92740E+2	-2.62016E+1	6.94841E-3	3.39826E+4
4.20889E+0	4.22126E+0	3.55696E-3	2.99504E+2	2.92746E+2	-2.61833E+1	6.95442E-3	3.39885E+4
4.26016E+0	4.26461E+0	3.33594E-3	2.99503E+2	2.92736E+2	-2.62253E+1	6.95382E-3	3.39946E+4
4.30960E+0	4.30921E+0	2.72600E-3	2.99503E+2	2.92742E+2	-2.62663E+1	6.95613E-3	3.40006E+4
4.36082E+0	4.35962E+0	2.84662E-3	2.99503E+2	2.92760E+2	-2.62544E+1	6.95447E-3	3.40066E+4
4.41019E+0	4.40797E+0	3.54461E-3	2.99502E+2	2.92757E+2	-2.62489E+1	6.95486E-3	3.40126E+4
4.46292E+0	4.45956E+0	3.31677E-3	2.99502E+2	2.92751E+2	-2.62501E+1	6.95237E-3	3.40186E+4
4.51233E+0	4.50865E+0	3.12388E-3	2.99502E+2	2.92751E+2	-2.62518E+1	6.95749E-3	3.40246E+4
4.56053E+0	4.55542E+0	2.89777E-3	2.99502E+2	2.92772E+2	-2.62405E+1	6.95344E-3	3.40305E+4
4.60678E+0	4.60247E+0	2.73092E-3	2.99502E+2	2.92772E+2	-2.62399E+1	6.95593E-3	3.40366E+4
4.65573E+0	4.64707E+0	3.49397E-3	2.99502E+2	2.92776E+2	-2.62308E+1	6.95601E-3	3.40426E+4
4.69490E+0	4.69847E+0	3.62609E-3	2.99502E+2	2.92816E+2	-2.62343E+1	6.94488E-3	3.40485E+4
4.74047E+0	4.74985E+0	3.34562E-3	2.99500E+2	2.92819E+2	-2.62718E+1	6.94971E-3	3.40546E+4
4.79241E+0	4.79470E+0	3.29352E-3	2.99502E+2	2.92805E+2	-2.62756E+1	6.94891E-3	3.40606E+4
4.84116E+0	4.84524E+0	3.25556E-3	2.99503E+2	2.92820E+2	-2.62531E+1	6.94767E-3	3.40666E+4
4.89352E+0	4.89951E+0	3.22093E-3	2.99500E+2	2.92817E+2	-2.62021E+1	6.95190E-3	3.40726E+4
4.94767E+0	4.94696E+0	3.66338E-3	2.99501E+2	2.92821E+2	-2.62113E+1	6.94107E-3	3.40786E+4
4.99142E+0	4.98379E+0	3.89711E-3	2.99500E+2	2.92816E+2	-2.62606E+1	6.95725E-3	3.40846E+4
4.99879E+0	5.00000E+0	3.84895E-3	2.99498E+2	2.92828E+2	-2.62735E+1	6.94899E-3	3.40906E+4
4.98652E+0	5.00000E+0	4.17696E-3	2.99496E+2	2.92834E+2	-2.62523E+1	6.95029E-3	3.40966E+4
4.95833E+0	5.00000E+0	3.15152E-3	2.99492E+2	2.92807E+2	-2.62669E+1	6.95051E-3	3.41026E+4
4.90988E+0	4.98858E+0	3.44001E-3	2.99488E+2	2.92801E+2	-2.62715E+1	6.94931E-3	3.41086E+4
4.86143E+0	4.95604E+0	3.57603E-3	2.99486E+2	2.92814E+2	-2.62678E+1	6.95354E-3	3.41146E+4
4.81227E+0	4.90965E+0	3.59026E-3	2.99484E+2	2.92804E+2	-2.62480E+1	6.95516E-3	3.41206E+4
4.76386E+0	4.85744E+0	3.50039E-3	2.99481E+2	2.92788E+2	-2.62142E+1	6.95457E-3	3.41266E+4
4.71565E+0	4.80493E+0	3.59522E-3	2.99480E+2	2.92792E+2	-2.62269E+1	6.95271E-3	3.41325E+4
4.66662E+0	4.75796E+0	3.44498E-3	2.99478E+2	2.92785E+2	-2.62349E+1	6.95255E-3	3.41386E+4
4.61740E+0	4.71243E+0	3.41566E-3	2.99477E+2	2.92779E+2	-2.62149E+1	6.95347E-3	3.41446E+4
4.56900E+0	4.66081E+0	3.51243E-3	2.99475E+2	2.92771E+2	-2.62498E+1	6.95436E-3	3.41506E+4
4.52053E+0	4.60848E+0	3.49998E-3	2.99474E+2	2.92764E+2	-2.62781E+1	6.95755E-3	3.41566E+4
4.47131E+0	4.56301E+0	3.46313E-3	2.99474E+2	2.92749E+2	-2.62827E+1	6.95500E-3	3.41626E+4
4.42290E+0	4.51779E+0	3.51938E-3	2.99473E+2	2.92747E+2	-2.62833E+1	6.95331E-3	3.41686E+4
4.37446E+0	4.46755E+0	3.65397E-3	2.99471E+2	2.92758E+2	-2.62639E+1	6.95660E-3	3.41746E+4
4.32526E+0	4.41697E+0	3.25838E-3	2.99470E+2	2.92756E+2	-2.62900E+1	6.96159E-3	3.41806E+4
4.27651E+0	4.37227E+0	3.14237E-3	2.99471E+2	2.92735E+2	-2.62946E+1	6.95956E-3	3.41866E+4
4.22812E+0	4.32263E+0	3.22941E-3	2.99471E+2	2.92726E+2	-2.62497E+1	6.95911E-3	3.41926E+4
4.17964E+0	4.27197E+0	3.23152E-3	2.99470E+2	2.92728E+2	-2.62275E+1	6.96144E-3	3.41986E+4
4.13042E+0	4.22709E+0	2.98061E-3	2.99470E+2	2.92723E+2	-2.62728E+1	6.95931E-3	3.42046E+4
4.08202E+0	4.18196E+0	3.01614E-3	2.99469E+2	2.92712E+2	-2.62908E+1	6.95723E-3	3.42106E+4
4.03357E+0	4.13357E+0	3.17497E-3	2.99470E+2	2.92721E+2	-2.62725E+1	6.96006E-3	3.42166E+4
3.98437E+0	4.08327E+0	2.88289E-3	2.99471E+2	2.92726E+2	-2.62869E+1	6.96016E-3	3.42226E+4
3.93593E+0	4.03344E+0	2.77115E-3	2.99469E+2	2.92712E+2	-2.62690E+1	6.95867E-3	3.42286E+4
3.88774E+0	3.98565E+0	2.92292E-3	2.99469E+2	2.92699E+2	-2.62451E+1	6.95281E-3	3.42345E+4
3.83875E+0	3.94090E+0	2.83214E-3	2.99469E+2	2.92711E+2	-2.62545E+1	6.95388E-3	3.42406E+4
3.78954E+0	3.89517E+0	2.63198E-3	2.99468E+2	2.92718E+2	-2.62615E+1	6.95752E-3	3.42466E+4
3.74113E+0	3.84420E+0	2.73744E-3	2.99468E+2	2.92712E+2	-2.62561E+1	6.96019E-3	3.42526E+4
3.69269E+0	3.79200E+0	2.77616E-3	2.99470E+2	2.92696E+2	-2.62527E+1	6.95675E-3	3.42586E+4
3.64349E+0	3.74501E+0	2.84626E-3	2.99469E+2	2.92690E+2	-2.62665E+1	6.95434E-3	3.42646E+4
3.59504E+0	3.69965E+0	2.88454E-3	2.99468E+2	2.92685E+2	-2.62638E+1	6.96025E-3	3.42706E+4
3.54659E+0	3.64868E+0	2.59191E-3	2.99469E+2	2.92678E+2	-2.62844E+1	6.95833E-3	3.42766E+4
3.49742E+0	3.59866E+0	2.72961E-3	2.99471E+2	2.92671E+2	-2.62852E+1	6.95451E-3	3.42826E+4
3.44872E+0	3.55371E+0	2.70307E-3	2.99469E+2	2.92661E+2	-2.62679E+1	6.95569E-3	3.42886E+4
3.40030E+0	3.50862E+0	2.43010E-3	2.99469E+2	2.92655E+2	-2.62747E+1	6.95541E-3	3.42946E+4
3.35177E+0	3.45668E+0	2.41335E-3	2.99471E+2	2.92650E+2	-2.62704E+1	6.95341E-3	3.43006E+4
3.30255E+0	3.40313E+0	2.27789E-3	2.99471E+2	2.92658E+2	-2.62891E+1	6.95524E-3	3.43066E+4
3.25416E+0	3.35886E+0	1.99639E-3	2.99470E+2	2.92661E+2	-2.63022E+1	6.96111E-3	3.43126E+4
3.20568E+0	3.31376E+0	2.23242E-3	2.99471E+2	2.92641E+2	-2.63521E+1	6.96228E-3	3.43186E+4
3.15646E+0	3.26174E+0	2.62400E-3	2.99470E+2	2.92640E+2	-2.63220E+1	6.95948E-3	3.43246E+4
3.10806E+0	3.21273E+0	2.38250E-3	2.99471E+2	2.92637E+2	-2.62918E+1	6.96556E-3	3.43306E+4
3.05961E+0	3.16193E+0	2.24098E-3	2.99472E+2	2.92643E+2	-2.63239E+1	6.96974E-3	3.43366E+4
3.01044E+0	3.11165E+0	1.99387E-3	2.99473E+2	2.92647E+2	-2.63165E+1	6.97209E-3	3.43426E+4
2.96172E+0	3.06552E+0	1.72619E-3	2.99474E+2	2.92634E+2	-2.63203E+1	6.96942E-3	3.43486E+4
2.91327E+0	3.01849E+0	2.06258E-3	2.99475E+2	2.92631E+2	-2.63403E+1	6.96092E-3	3.43546E+4
2.86479E+0	2.96637E+0	2.21780E-3	2.99477E+2	2.92642E+2	-2.63231E+1	6.95894E-3	3.43606E+4
2.81558E+0	2.91581E+0	1.88704E-3	2.99476E+2	2.92639E+2	-2.63156E+1	6.95993E-3	3.43666E+4
2.76717E+0	2.87002E+0	2.04321E-3	2.99478E+2	2.92624E+2	-2.63354E+1	6.96385E-3	3.43726E+4
2.71872E+0	2.82394E+0	2.09684E-3	2.99478E+2	2.92611E+2	-2.63417E+1	6.96487E-3	3.43786E+4
2.66956E+0	2.77333E+0	1.92966E-3	2.99477E+2	2.92603E+2	-2.63195E+1	6.95789E-3	3.43846E+4
2.62113E+0	2.72228E+0	2.09640E-3	2.99478E+2	2.92590E+2	-2.62908E+1	6.95898E-3	3.43906E+4
2.57290E+0	2.67672E+0	2.23754E-3	2.99479E+2	2.92587E+2	-2.62744E+1	6.96555E-3	3.43965E+4
2.52391E+0	2.62756E+0	1.95843E-3	2.99479E+2	2.92595E+2	-2.62696E+1	6.96169E-3	3.44026E+4
2.47469E+0	2.57722E+0	1.47056E-3	2.99479E+2	2.92601E+2	-2.62980E+1	6.96161E-3	3.44086E+4
2.42631E+0	2.53173E+0	1.82362E-3	2.99480E+2	2.92597E+2	-2.62962E+1	6.96088E-3	3.44146E+4
2.37786E+0	2.47908E+0	1.72340E-3	2.99479E+2	2.92579E+2	-2.62647E+1	6.95993E-3	3.44206E+4
2.32860E+0	2.42717E+0	1.56108E-3	2.99480E+2	2.92559E+2	-2.62437E+1	6.95987E-3	3.44266E+4
2.28019E+0	2.38075E+0	1.99813E-3	2.99482E+2	2.92557E+2	-2.62190E+1	6.96137E-3	3.44326E+4
2.23175E+0	2.33492E+0	2.07975E-3	2.99481E+2	2.92571E+2	-2.62041E+1	6.96021E-3	3.44386E+4
2.18255E+0	2.28508E+0	1.46197E-3	2.99481E+2	2.92586E+2	-2.61935E+1	6.95952E-3	3.44446E+4
2.13410E+0	2.23382E+0	1.57517E-3	2.99482E+2	2.92579E+2	-2.62071E+1	6.95880E-3	3.44506E+4
2.08592E+0	2.18744E+0	2.08873E-3	2.99482E+2	2.92562E+2	-2.62343E+1	6.96401E-3	3.44565E+4
2.03693E+0	2.14050E+0	1.71508E-3	2.99483E+2	2.92575E+2	-2.62604E+1	6.96713E-3	3.44626E+4
1.98771E+0	2.08729E+0	1.47907E-3	2.99484E+2	2.92564E+2	-2.62985E+1	6.96459E-3	3.44686E+4
1.93931E+0	2.03725E+0	1.38072E-3	2.99485E+2	2.92553E+2	-2.62770E+1	6.95974E-3	3.44746E+4
1.89113E+0	1.99247E+0	1.29630E-3	2.99484E+2	2.92558E+2	-2.62169E+1	6.96300E-3	3.44805E+4
1.84214E+0	1.94708E+0	8.81702E-4	2.99483E+2	2.92554E+2	-2.62237E+1	6.96609E-3	3.44866E+4
1.79292E+0	1.89653E+0	1.09202E-3	2.99486E+2	2.92562E+2	-2.62169E+1	6.96222E-3	3.44926E+4
1.74452E+0	1.84598E+0	1.45329E-3	2.99486E+2	2.92581E+2	-2.62162E+1	6.96465E-3	3.44986E+4
1.69605E+0	1.79920E+0	1.37518E-3	2.99485E+2	2.92568E+2	-2.62239E+1	6.96470E-3	3.45046E+4
1.64683E+0	1.74754E+0	1.10860E-3	2.99487E+2	2.92543E+2	-2.62305E+1	6.95730E-3	3.45106E+4
1.59842E+0	1.69680E+0	9.84431E-4	2.99488E+2	2.92558E+2	-2.62276E+1	6.95814E-3	3.45166E+4
1.54995E+0	1.65032E+0	1.14042E-3	2.99488E+2	2.92546E+2	-2.62319E+1	6.96241E-3	3.45226E+4
1.50073E+0	1.59907E+0	1.28626E-3	2.99488E+2	2.92536E+2	-2.62479E+1	6.95641E-3	3.45286E+4
1.43144E+0	1.53411E+0	7.63665E-4	2.99489E+2	2.92552E+2	-2.62694E+1	6.95594E-3	3.45372E+4
1.38302E+0	1.48695E+0	9.07926E-4	2.99489E+2	2.92539E+2	-2.62315E+1	6.95905E-3	3.45431E+4
1.33110E+0	1.43460E+0	1.20288E-3	2.99491E+2	2.92541E+2	-2.62230E+1	6.95967E-3	3.45495E+4
1.28211E+0	1.38284E+0	8.61659E-4	2.99491E+2	2.92537E+2	-2.62535E+1	6.96334E-3	3.45556E+4
1.23289E+0	1.33173E+0	1.08228E-3	2.99489E+2	2.92556E+2	-2.62538E+1	6.96220E-3	3.45616E+4
1.17771E+0	1.27527E+0	7.04461E-4	2.99490E+2	2.92526E+2	-2.62436E+1	6.96086E-3	3.45684E+4
1.12961E+0	1.22574E+0	1.95830E-4	2.99493E+2	2.92578E+2	-2.62441E+1	6.95869E-3	3.45743E+4
1.07898E+0	1.17714E+0	5.58189E-5	2.99493E+2	2.92584E+2	-2.62716E+1	6.96005E-3	3.45806E+4
1.03079E+0	1.12965E+0	-2.39536E-4	2.99492E+2	2.92538E+2	-2.62531E+1	6.96150E-3	3.45865E+4
9.70148E-1	1.06660E+0	1.75392E-4	2.99490E+2	2.92470E+2	-2.62102E+1	6.95831E-3	3.45940E+4
9.21313E-1	1.01311E+0	8.17414E-4	2.99492E+2	2.92491E+2	-2.62335E+1	6.95808E-3	3.46000E+4
8.68175E-1	9.63207E-1	1.02965E-3	2.99493E+2	2.92542E+2	-2.62147E+1	6.95902E-3	3.46066E+4
8.18959E-1	9.18263E-1	1.05066E-3	2.99491E+2	2.92514E+2	-2.62082E+1	6.96123E-3	3.46126E+4
7.57381E-1	8.58976E-1	7.90865E-4	2.99487E+2	2.92486E+2	-2.62602E+1	6.95966E-3	3.46202E+4
6.96305E-1	7.97845E-1	3.97300E-4	2.99484E+2	2.92487E+2	-2.62782E+1	6.96031E-3	3.46277E+4
6.45463E-1	7.41725E-1	5.14664E-4	2.99486E+2	2.92486E+2	-2.62647E+1	6.96216E-3	3.46340E+4
5.91797E-1	6.85257E-1	5.52640E-4	2.99491E+2	2.92495E+2	-2.62380E+1	6.95661E-3	3.46406E+4
5.43304E-1	6.37984E-1	2.90377E-6	2.99494E+2	2.92503E+2	-2.62205E+1	6.95152E-3	3.46466E+4
4.87338E-1	5.80719E-1	1.69816E-4	2.99496E+2	2.92503E+2	-2.62371E+1	6.95624E-3	3.46535E+4
4.38774E-1	5.31630E-1	4.22713E-4	2.99497E+2	2.92503E+2	-2.62657E+1	6.95935E-3	3.46595E+4
3.89369E-1	4.84823E-1	-2.02298E-4	2.99496E+2	2.92481E+2	-2.62753E+1	6.96287E-3	3.46656E+4
3.40189E-1	4.38061E-1	-2.93906E-4	2.99495E+2	2.92466E+2	-2.62466E+1	6.96013E-3	3.46716E+4
2.91395E-1	3.85681E-1	1.05326E-4	2.99492E+2	2.92470E+2	-2.62096E+1	6.96120E-3	3.46776E+4
2.42999E-1	3.34639E-1	2.21209E-4	2.99490E+2	2.92477E+2	-2.62186E+1	6.95963E-3	3.46836E+4
1.94627E-1	2.88952E-1	2.42184E-4	2.99494E+2	2.92472E+2	-2.62496E+1	6.96494E-3	3.46895E+4
1.45581E-1	2.43685E-1	1.24224E-4	2.99499E+2	2.92479E+2	-2.62235E+1	6.96257E-3	3.46956E+4
9.70689E-2	1.91324E-1	-2.11102E-4	2.99504E+2	2.92490E+2	-2.62187E+1	6.95969E-3	3.47016E+4
1.00288E-3	9.04130E-2	2.36093E-4	2.99502E+2	2.92509E+2	-2.62394E+1	6.96374E-3	3.47149E+4
-1.77746E-4	5.98993E-2	2.41855E-4	2.99491E+2	2.92449E+2	-2.62359E+1	6.95992E-3	3.47176E+4
-3.83722E-4	1.82797E-2	6.54501E-4	2.99484E+2	2.92430E+2	-2.62352E+1	6.96102E-3	3.47253E+4
-2.63588E-2	-9.71289E-3	9.94808E-4	2.99496E+2	2.92464E+2	-2.62463E+1	6.95904E-3	3.47322E+4
-7.33984E-2	-4.86034E-2	5.90623E-4	2.99511E+2	2.92496E+2	-2.62754E+1	6.96547E-3	3.47394E+4
-1.20845E-1	-9.20371E-2	2.75726E-4	2.99513E+2	2.92512E+2	-2.62546E+1	6.96111E-3	3.47453E+4
-1.73688E-1	-1.46865E-1	3.04724E-4	2.99508E+2	2.92489E+2	-2.62213E+1	6.96321E-3	3.47516E+4
-2.24390E-1	-1.99333E-1	-6.55467E-6	2.99506E+2	2.92473E+2	-2.62376E+1	6.96221E-3	3.47576E+4
-2.74407E-1	-2.45985E-1	-2.73835E-4	2.99505E+2	2.92463E+2	-2.62312E+1	6.95739E-3	3.47636E+4
-3.27876E-1	-2.92996E-1	-1.87201E-4	2.99506E+2	2.92479E+2	-2.62178E+1	6.96116E-3	3.47696E+4
-3.75220E-1	-3.39345E-1	1.28039E-5	2.99509E+2	2.92502E+2	-2.62621E+1	6.95648E-3	3.47756E+4
-4.26326E-1	-3.90631E-1	-3.21382E-5	2.99511E+2	2.92512E+2	-2.63210E+1	6.95906E-3	3.47815E+4
-4.74894E-1	-4.40923E-1	-1.65869E-4	2.99515E+2	2.92530E+2	-2.62586E+1	6.96594E-3	3.47875E+4
-5.19814E-1	-4.87560E-1	-7.39232E-5	2.99519E+2	2.92550E+2	-2.62075E+1	6.96002E-3	3.47936E+4
-5.59701E-1	-5.34779E-1	-3.86123E-4	2.99518E+2	2.92531E+2	-2.62467E+1	6.96063E-3	3.47996E+4
-6.06474E-1	-5.86701E-1	-5.37056E-4	2.99515E+2	2.92521E+2	-2.62701E+1	6.96308E-3	3.48055E+4
-6.56459E-1	-6.37209E-1	-1.56656E-4	2.99514E+2	2.92528E+2	-2.62562E+1	6.95905E-3	3.48116E+4
-7.10265E-1	-6.82909E-1	5.33292E-5	2.99512E+2	2.92551E+2	-2.62266E+1	6.95575E-3	3.48176E+4
-7.58885E-1	-7.29411E-1	-3.35389E-6	2.99513E+2	2.92542E+2	-2.62625E+1	6.96544E-3	3.48236E+4
-8.09812E-1	-7.76542E-1	-3.77445E-4	2.99517E+2	2.92540E+2	-2.62898E+1	6.95855E-3	3.48295E+4
-8.60649E-1	-8.28940E-1	-9.27155E-4	2.99520E+2	2.92566E+2	-2.62523E+1	6.95940E-3	3.48356E+4
-9.09129E-1	-8.81051E-1	-8.07405E-4	2.99522E+2	2.92580E+2	-2.62443E+1	6.95373E-3	3.48416E+4
-9.56217E-1	-9.26999E-1	-3.65192E-4	2.99524E+2	2.92585E+2	-2.62422E+1	6.96042E-3	3.48476E+4
-1.00357E+0	-9.80129E-1	-8.95060E-5	2.99525E+2	2.92591E+2	-2.62415E+1	6.96078E-3	3.48543E+4
-1.05572E+0	-1.02719E+0	-6.17599E-4	2.99526E+2	2.92601E+2	-2.62539E+1	6.96094E-3	3.48602E+4
-1.10589E+0	-1.08042E+0	-9.02501E-4	2.99524E+2	2.92602E+2	-2.62988E+1	6.96195E-3	3.48666E+4
-1.15688E+0	-1.13177E+0	-9.62240E-4	2.99524E+2	2.92612E+2	-2.63254E+1	6.95445E-3	3.48726E+4
-1.20432E+0	-1.17777E+0	-6.65693E-4	2.99525E+2	2.92623E+2	-2.62912E+1	6.96209E-3	3.48786E+4
-1.25537E+0	-1.23015E+0	-9.17228E-4	2.99523E+2	2.92622E+2	-2.62905E+1	6.96094E-3	3.48845E+4
-1.30363E+0	-1.28080E+0	-1.18173E-3	2.99522E+2	2.92634E+2	-2.62865E+1	6.95605E-3	3.48906E+4
-1.34925E+0	-1.32667E+0	-1.04030E-3	2.99522E+2	2.92636E+2	-2.62714E+1	6.95656E-3	3.48966E+4
-1.39014E+0	-1.37310E+0	-7.55904E-4	2.99522E+2	2.92654E+2	-2.62882E+1	6.96089E-3	3.49026E+4
-1.43684E+0	-1.41874E+0	-1.08346E-3	2.99522E+2	2.92664E+2	-2.62915E+1	6.96142E-3	3.49086E+4
-1.48633E+0	-1.47022E+0	-1.13616E-3	2.99520E+2	2.92673E+2	-2.62826E+1	6.96793E-3	3.49146E+4
-1.53716E+0	-1.52351E+0	-9.51424E-4	2.99520E+2	2.92677E+2	-2.62847E+1	6.96792E-3	3.49206E+4
-1.58691E+0	-1.57047E+0	-1.29989E-3	2.99519E+2	2.92680E+2	-2.62712E+1	6.96074E-3	3.49266E+4
-1.63865E+0	-1.61650E+0	-1.28255E-3	2.99519E+2	2.92667E+2	-2.62748E+1	6.95833E-3	3.49326E+4
-1.68763E+0	-1.66712E+0	-1.11771E-3	2.99518E+2	2.92657E+2	-2.63370E+1	6.96069E-3	3.49386E+4
-1.73433E+0	-1.72285E+0	-9.11502E-4	2.99517E+2	2.92675E+2	-2.63374E+1	6.96133E-3	3.49455E+4
-1.79522E+0	-1.78288E+0	-7.65852E-4	2.99519E+2	2.92655E+2	-2.63036E+1	6.95460E-3	3.49530E+4
-1.84586E+0	-1.84073E+0	-1.00188E-3	2.99519E+2	2.92666E+2	-2.62878E+1	6.95484E-3	3.49590E+4
-1.89297E+0	-1.89341E+0	-1.19746E-3	2.99517E+2	2.92688E+2	-2.62640E+1	6.96039E-3	3.49656E+4
-1.94164E+0	-1.93937E+0	-1.50875E-3	2.99516E+2	2.92692E+2	-2.62577E+1	6.95917E-3	3.49715E+4
-1.99410E+0	-1.98660E+0	-1.37531E-3	2.99516E+2	2.92688E+2	-2.62655E+1	6.95392E-3	3.49776E+4
-2.04560E+0	-2.03390E+0	-9.24205E-4	2.99516E+2	2.92692E+2	-2.62948E+1	6.95201E-3	3.49836E+4
-2.09541E+0	-2.08424E+0	-8.20683E-4	2.99517E+2	2.92712E+2	-2.63346E+1	6.96019E-3	3.49896E+4
-2.14832E+0	-2.13455E+0	-1.09909E-3	2.99517E+2	2.92714E+2	-2.63356E+1	6.95287E-3	3.49956E+4
-2.19914E+0	-2.18120E+0	-1.44908E-3	2.99517E+2	2.92709E+2	-2.63174E+1	6.96353E-3	3.50016E+4
-2.24574E+0	-2.22812E+0	-1.61843E-3	2.99516E+2	2.92706E+2	-2.62760E+1	6.95371E-3	3.50076E+4
-2.29299E+0	-2.27906E+0	-1.19668E-3	2.99514E+2	2.92714E+2	-2.62774E+1	6.95687E-3	3.50135E+4
-2.33268E+0	-2.33151E+0	-1.68652E-3	2.99513E+2	2.92744E+2	-2.63085E+1	6.95735E-3	3.50195E+4
-2.37759E+0	-2.37689E+0	-2.08935E-3	2.99514E+2	2.92745E+2	-2.62845E+1	6.96111E-3	3.50256E+4
-2.42639E+0	-2.42093E+0	-1.83075E-3	2.99514E+2	2.92757E+2	-2.62676E+1	6.96151E-3	3.50316E+4
-2.47777E+0	-2.47082E+0	-2.29206E-3	2.99514E+2	2.92745E+2	-2.62930E+1	6.95221E-3	3.50375E+4
-2.53017E+0	-2.52267E+0	-2.10610E-3	2.99514E+2	2.92742E+2	-2.63181E+1	6.95506E-3	3.50436E+4
-2.57872E+0	-2.56920E+0	-1.90156E-3	2.99514E+2	2.92746E+2	-2.63129E+1	6.95506E-3	3.50496E+4
-2.62892E+0	-2.62013E+0	-2.18481E-3	2.99512E+2	2.92754E+2	-2.63106E+1	6.95480E-3	3.50556E+4
-2.67895E+0	-2.67312E+0	-2.04685E-3	2.99512E+2	2.92776E+2	-2.63126E+1	6.95383E-3	3.50616E+4
-2.73053E+0	-2.71863E+0	-2.11206E-3	2.99512E+2	2.92756E+2	-2.63219E+1	6.95197E-3	3.50676E+4
-2.77875E+0	-2.76426E+0	-1.95736E-3	2.99511E+2	2.92749E+2	-2.63179E+1	6.95585E-3	3.50735E+4
-2.82406E+0	-2.81794E+0	-1.77978E-3	2.99511E+2	2.92769E+2	-2.63180E+1	6.95200E-3	3.50796E+4
-2.87127E+0	-2.86967E+0	-1.92924E-3	2.99511E+2	2.92788E+2	-2.63214E+1	6.95283E-3	3.50856E+4
-2.91293E+0	-2.91614E+0	-2.24467E-3	2.99511E+2	2.92784E+2	-2.63091E+1	6.95198E-3	3.50916E+4
-2.96490E+0	-2.96952E+0	-2.51620E-3	2.99511E+2	2.92781E+2	-2.63558E+1	6.95103E-3	3.50982E+4
-3.02666E+0	-3.01977E+0	-2.58258E-3	2.99509E+2	2.92802E+2	-2.63424E+1	6.95695E-3	3.51040E+4
-3.07706E+0	-3.07013E+0	-2.11560E-3	2.99508E+2	2.92803E+2	-2.63097E+1	6.94546E-3	3.51106E+4
-3.12362E+0	-3.11757E+0	-1.87316E-3	2.99508E+2	2.92797E+2	-2.63396E+1	6.95016E-3	3.51166E+4
-3.17236E+0	-3.16551E+0	-1.92089E-3	2.99509E+2	2.92820E+2	-2.63463E+1	6.95621E-3	3.51226E+4
-3.20969E+0	-3.21271E+0	-2.17159E-3	2.99509E+2	2.92813E+2	-2.63154E+1	6.94896E-3	3.51286E+4
-3.25521E+0	-3.26495E+0	-2.40032E-3	2.99508E+2	2.92801E+2	-2.63101E+1	6.95267E-3	3.51345E+4
-3.30556E+0	-3.31618E+0	-2.10291E-3	2.99508E+2	2.92817E+2	-2.63323E+1	6.94980E-3	3.51406E+4
-3.35545E+0	-3.36102E+0	-2.11652E-3	2.99507E+2	2.92811E+2	-2.63241E+1	6.94775E-3	3.51466E+4
-3.40652E+0	-3.40584E+0	-2.16527E-3	2.99506E+2	2.92830E+2	-2.63253E+1	6.94587E-3	3.51526E+4
-3.45724E+0	-3.45830E+0	-2.45243E-3	2.99505E+2	2.92833E+2	-2.63206E+1	6.95254E-3	3.51586E+4
-3.50755E+0	-3.50761E+0	-2.73225E-3	2.99506E+2	2.92831E+2	-2.63432E+1	6.94655E-3	3.51646E+4
-3.55940E+0	-3.55272E+0	-2.88314E-3	2.99506E+2	2.92848E+2	-2.63576E+1	6.94441E-3	3.51706E+4
-3.60839E+0	-3.60028E+0	-2.72205E-3	2.99506E+2	2.92858E+2	-2.63569E+1	6.95246E-3	3.51766E+4
-3.65571E+0	-3.65186E+0	-2.42089E-3	2.99506E+2	2.92864E+2	-2.63565E+1	6.94830E-3	3.51826E+4
-3.70453E+0	-3.70345E+0	-2.21049E-3	2.99506E+2	2.92879E+2	-2.63264E+1	6.95148E-3	3.51886E+4
-3.74165E+0	-3.74846E+0	-2.65289E-3	2.99506E+2	2.92873E+2	-2.63159E+1	6.94682E-3	3.51946E+4
-3.78730E+0	-3.79526E+0	-2.97462E-3	2.99505E+2	2.92882E+2	-2.63050E+1	6.94789E-3	3.52006E+4
-3.83590E+0	-3.84734E+0	-2.72164E-3	2.99506E+2	2.92897E+2	-2.63007E+1	6.94658E-3	3.52066E+4
-3.88793E+0	-3.89642E+0	-2.81095E-3	2.99505E+2	2.92884E+2	-2.63277E+1	6.95126E-3	3.52125E+4
-3.93946E+0	-3.94055E+0	-3.29320E-3	2.99505E+2	2.92863E+2	-2.63549E+1	6.94562E-3	3.52186E+4
-3.98887E+0	-3.98550E+0	-3.46974E-3	2.99505E+2	2.92886E+2	-2.63375E+1	6.94411E-3	3.52246E+4
-4.03966E+0	-4.03838E+0	-2.65789E-3	2.99505E+2	2.92901E+2	-2.63368E+1	6.94352E-3	3.52306E+4
-4.09067E+0	-4.08879E+0	-1.98820E-3	2.99504E+2	2.92900E+2	-2.63311E+1	6.94192E-3	3.52366E+4
-4.14188E+0	-4.13333E+0	-2.31264E-3	2.99504E+2	2.92901E+2	-2.63270E+1	6.94508E-3	3.52426E+4
-4.18901E+0	-4.17868E+0	-3.11639E-3	2.99505E+2	2.92925E+2	-2.63410E+1	6.94756E-3	3.52486E+4
-4.23430E+0	-4.23071E+0	-3.48420E-3	2.99504E+2	2.92928E+2	-2.63561E+1	6.94331E-3	3.52545E+4
-4.28346E+0	-4.27942E+0	-3.60391E-3	2.99505E+2	2.92912E+2	-2.63475E+1	6.94683E-3	3.52605E+4
-4.32408E+0	-4.32501E+0	-3.54475E-3	2.99505E+2	2.92908E+2	-2.63428E+1	6.94141E-3	3.52666E+4
-4.36782E+0	-4.37120E+0	-3.40226E-3	2.99504E+2	2.92915E+2	-2.63484E+1	6.94011E-3	3.52726E+4
-4.42015E+0	-4.42164E+0	-3.42207E-3	2.99502E+2	2.92925E+2	-2.63513E+1	6.94462E-3	3.52785E+4
-4.46901E+0	-4.47156E+0	-3.20001E-3	2.99500E+2	2.92905E+2	-2.63435E+1	6.94807E-3	3.52846E+4
-4.52126E+0	-4.51543E+0	-3.04097E-3	2.99502E+2	2.92921E+2	-2.63450E+1	6.94293E-3	3.52906E+4
-4.57018E+0	-4.56713E+0	-3.08595E-3	2.99503E+2	2.92942E+2	-2.63403E+1	6.94198E-3	3.52966E+4
-4.61918E+0	-4.61810E+0	-2.90654E-3	2.99503E+2	2.92956E+2	-2.63312E+1	6.94310E-3	3.53026E+4
-4.67088E+0	-4.66338E+0	-2.99280E-3	2.99503E+2	2.92979E+2	-2.63335E+1	6.94350E-3	3.53086E+4
-4.72152E+0	-4.70936E+0	-3.18310E-3	2.99501E+2	2.92988E+2	-2.63342E+1	6.93920E-3	3.53145E+4
-4.76791E+0	-4.76213E+0	-3.35894E-3	2.99501E+2	2.92984E+2	-2.63209E+1	6.93880E-3	3.53205E+4
-4.81641E+0	-4.81457E+0	-3.57727E-3	2.99501E+2	2.92983E+2	-2.63191E+1	6.94814E-3	3.53266E+4
-4.85429E+0	-4.86071E+0	-3.79644E-3	2.99502E+2	2.92979E+2	-2.63498E+1	6.94290E-3	3.53326E+4
-4.89980E+0	-4.91375E+0	-3.74578E-3	2.99502E+2	2.92971E+2	-2.63854E+1	6.94117E-3	3.53386E+4
-4.95078E+0	-4.96473E+0	-3.86605E-3	2.99503E+2	2.92974E+2	-2.63732E+1	6.94057E-3	3.53446E+4
-4.99062E+0	-4.99268E+0	-3.36155E-3	2.99501E+2	2.92976E+2	-2.63454E+1	6.93837E-3	3.53506E+4
-4.99843E+0	-5.00000E+0	-2.59074E-3	2.99499E+2	2.92976E+2	-2.63708E+1	6.93674E-3	3.53566E+4
-4.89489E+0	-4.99511E+0	-3.58456E-3	2.99490E+2	2.92967E+2	-2.62486E+1	6.93805E-3	3.53755E+4
-4.87736E+0	-4.97317E+0	-3.68644E-3	2.99488E+2	2.92972E+2	-2.63071E+1	6.94098E-3	3.53776E+4
-4.82867E+0	-4.92665E+0	-3.94041E-3	2.99486E+2	2.92949E+2	-2.63687E+1	6.94417E-3	3.53836E+4
-4.78022E+0	-4.88037E+0	-3.89475E-3	2.99484E+2	2.92923E+2	-2.63319E+1	6.93912E-3	3.53896E+4
-4.73092E+0	-4.83238E+0	-3.60628E-3	2.99481E+2	2.92945E+2	-2.63073E+1	6.93384E-3	3.53956E+4
-4.68239E+0	-4.78193E+0	-3.43959E-3	2.99480E+2	2.92969E+2	-2.62878E+1	6.93171E-3	3.54016E+4
-4.63405E+0	-4.73151E+0	-3.36901E-3	2.99479E+2	2.92950E+2	-2.62966E+1	6.93897E-3	3.54076E+4
-4.58480E+0	-4.68436E+0	-3.59289E-3	2.99478E+2	2.92958E+2	-2.63210E+1	6.94046E-3	3.54136E+4
-4.53619E+0	-4.63201E+0	-3.23850E-3	2.99477E+2	2.92945E+2	-2.63057E+1	6.93664E-3	3.54196E+4
-4.48779E+0	-4.58171E+0	-3.46489E-3	2.99476E+2	2.92931E+2	-2.63211E+1	6.93766E-3	3.54256E+4
-4.43931E+0	-4.53719E+0	-3.73155E-3	2.99474E+2	2.92925E+2	-2.63110E+1	6.94071E-3	3.54316E+4
-4.39010E+0	-4.48653E+0	-3.30002E-3	2.99473E+2	2.92914E+2	-2.63161E+1	6.93857E-3	3.54376E+4
-4.34170E+0	-4.43470E+0	-3.38248E-3	2.99472E+2	2.92910E+2	-2.63125E+1	6.93976E-3	3.54436E+4
-4.29322E+0	-4.39032E+0	-3.39802E-3	2.99471E+2	2.92901E+2	-2.62868E+1	6.93691E-3	3.54496E+4
-4.24403E+0	-4.34635E+0	-3.07954E-3	2.99470E+2	2.92898E+2	-2.63269E+1	6.93968E-3	3.54556E+4
-4.19568E+0	-4.30001E+0	-2.92076E-3	2.99470E+2	2.92896E+2	-2.63533E+1	6.94713E-3	3.54616E+4
-4.14747E+0	-4.24896E+0	-3.17857E-3	2.99470E+2	2.92877E+2	-2.63283E+1	6.94906E-3	3.54675E+4
-4.09843E+0	-4.19847E+0	-3.23161E-3	2.99471E+2	2.92885E+2	-2.63078E+1	6.93965E-3	3.54736E+4
-4.04945E+0	-4.15400E+0	-3.12944E-3	2.99468E+2	2.92898E+2	-2.63116E+1	6.93983E-3	3.54796E+4
-4.00113E+0	-4.10460E+0	-3.22696E-3	2.99468E+2	2.92901E+2	-2.62943E+1	6.94512E-3	3.54856E+4
-3.95217E+0	-4.05417E+0	-3.08761E-3	2.99469E+2	2.92866E+2	-2.63232E+1	6.94571E-3	3.54916E+4
-3.90316E+0	-4.00796E+0	-2.84971E-3	2.99470E+2	2.92859E+2	-2.63530E+1	6.94713E-3	3.54976E+4
-3.85472E+0	-3.96120E+0	-2.78640E-3	2.99470E+2	2.92871E+2	-2.63342E+1	6.94680E-3	3.55036E+4
-3.80626E+0	-3.91066E+0	-2.85021E-3	2.99471E+2	2.92853E+2	-2.63147E+1	6.94307E-3	3.55096E+4
-3.75710E+0	-3.86149E+0	-2.78439E-3	2.99471E+2	2.92833E+2	-2.62756E+1	6.94357E-3	3.55156E+4
-3.70837E+0	-3.81512E+0	-2.63105E-3	2.99470E+2	2.92853E+2	-2.62672E+1	6.94839E-3	3.55216E+4
-3.65992E+0	-3.76820E+0	-2.34883E-3	2.99470E+2	2.92866E+2	-2.62866E+1	6.95196E-3	3.55276E+4
-3.61163E+0	-3.71877E+0	-2.15912E-3	2.99471E+2	2.92845E+2	-2.63143E+1	6.94596E-3	3.55335E+4
-3.56248E+0	-3.66914E+0	-2.38537E-3	2.99471E+2	2.92838E+2	-2.63086E+1	6.94414E-3	3.55396E+4
-3.51369E+0	-3.62356E+0	-2.64736E-3	2.99471E+2	2.92843E+2	-2.62986E+1	6.94805E-3	3.55456E+4
-3.46530E+0	-3.57069E+0	-2.65934E-3	2.99471E+2	2.92826E+2	-2.63077E+1	6.94820E-3	3.55516E+4
-3.41605E+0	-3.51983E+0	-2.56638E-3	2.99471E+2	2.92801E+2	-2.62994E+1	6.94777E-3	3.55576E+4
-3.36774E+0	-3.47422E+0	-2.29619E-3	2.99472E+2	2.92804E+2	-2.62951E+1	6.94914E-3	3.55636E+4
-3.31956E+0	-3.42869E+0	-2.13496E-3	2.99472E+2	2.92803E+2	-2.62745E+1	6.94930E-3	3.55695E+4
-3.27056E+0	-3.38181E+0	-2.56018E-3	2.99473E+2	2.92801E+2	-2.63192E+1	6.94591E-3	3.55756E+4
-3.22135E+0	-3.33464E+0	-2.80925E-3	2.99474E+2	2.92805E+2	-2.63377E+1	6.94823E-3	3.55816E+4
-3.17295E+0	-3.28418E+0	-2.64084E-3	2.99474E+2	2.92807E+2	-2.63025E+1	6.94769E-3	3.55876E+4
-3.12471E+0	-3.23279E+0	-2.49648E-3	2.99475E+2	2.92816E+2	-2.63325E+1	6.94994E-3	3.55935E+4
-3.07562E+0	-3.18571E+0	-2.36489E-3	2.99474E+2	2.92797E+2	-2.63025E+1	6.94958E-3	3.55996E+4
-3.02676E+0	-3.13885E+0	-2.60319E-3	2.99475E+2	2.92760E+2	-2.62776E+1	6.94778E-3	3.56056E+4
-2.97840E+0	-3.08840E+0	-2.40111E-3	2.99476E+2	2.92768E+2	-2.63184E+1	6.95304E-3	3.56116E+4
-2.92920E+0	-3.03666E+0	-2.02094E-3	2.99478E+2	2.92788E+2	-2.63401E+1	6.95008E-3	3.56176E+4
-2.88044E+0	-2.99027E+0	-1.90730E-3	2.99476E+2	2.92779E+2	-2.63247E+1	6.95044E-3	3.56236E+4
-2.83200E+0	-2.94501E+0	-2.02259E-3	2.99477E+2	2.92787E+2	-2.62860E+1	6.95273E-3	3.56296E+4
-2.78350E+0	-2.89426E+0	-2.24885E-3	2.99478E+2	2.92777E+2	-2.63142E+1	6.94836E-3	3.56356E+4
-2.73445E+0	-2.84235E+0	-2.26252E-3	2.99479E+2	2.92741E+2	-2.63076E+1	6.94656E-3	3.56416E+4
-2.68620E+0	-2.79619E+0	-2.17117E-3	2.99478E+2	2.92746E+2	-2.62912E+1	6.94512E-3	3.56476E+4
-2.63728E+0	-2.74487E+0	-2.00490E-3	2.99478E+2	2.92767E+2	-2.63009E+1	6.94646E-3	3.56536E+4
-2.58821E+0	-2.69471E+0	-2.06362E-3	2.99479E+2	2.92769E+2	-2.63100E+1	6.95183E-3	3.56596E+4
-2.53968E+0	-2.64873E+0	-1.98536E-3	2.99479E+2	2.92753E+2	-2.63281E+1	6.95371E-3	3.56656E+4
-2.49169E+0	-2.60179E+0	-1.77447E-3	2.99480E+2	2.92756E+2	-2.63426E+1	6.95060E-3	3.56715E+4
-2.44270E+0	-2.54800E+0	-1.81973E-3	2.99481E+2	2.92745E+2	-2.63314E+1	6.94570E-3	3.56776E+4
-2.39364E+0	-2.49863E+0	-1.73685E-3	2.99481E+2	2.92728E+2	-2.63313E+1	6.94455E-3	3.56836E+4
-2.34536E+0	-2.45396E+0	-1.81015E-3	2.99482E+2	2.92732E+2	-2.63282E+1	6.94334E-3	3.56896E+4
-2.29655E+0	-2.40768E+0	-1.71650E-3	2.99482E+2	2.92733E+2	-2.63404E+1	6.94162E-3	3.56956E+4
-2.24718E+0	-2.35481E+0	-1.60498E-3	2.99483E+2	2.92723E+2	-2.63750E+1	6.94286E-3	3.57016E+4
-2.19213E+0	-2.29869E+0	-1.02931E-3	2.99484E+2	2.92711E+2	-2.64102E+1	6.94257E-3	3.57084E+4
-2.14422E+0	-2.24967E+0	-1.04331E-3	2.99484E+2	2.92704E+2	-2.64230E+1	6.93927E-3	3.57143E+4
-2.09306E+0	-2.19687E+0	-1.78099E-3	2.99484E+2	2.92702E+2	-2.64118E+1	6.94085E-3	3.57206E+4
-2.04473E+0	-2.15220E+0	-1.80252E-3	2.99484E+2	2.92723E+2	-2.63969E+1	6.93814E-3	3.57266E+4
-1.99660E+0	-2.10819E+0	-1.67545E-3	2.99485E+2	2.92734E+2	-2.64321E+1	6.94027E-3	3.57325E+4
-1.94755E+0	-2.05487E+0	-1.55692E-3	2.99486E+2	2.92718E+2	-2.64763E+1	6.93250E-3	3.57386E+4
-1.89854E+0	-2.00146E+0	-1.61638E-3	2.99486E+2	2.92701E+2	-2.65241E+1	6.92447E-3	3.57446E+4
-1.85032E+0	-1.95429E+0	-1.78491E-3	2.99487E+2	2.92704E+2	-2.65410E+1	6.93001E-3	3.57505E+4
-1.80131E+0	-1.90897E+0	-1.48602E-3	2.99488E+2	2.92717E+2	-2.65335E+1	6.93194E-3	3.57566E+4
-1.75212E+0	-1.85707E+0	-1.57689E-3	2.99487E+2	2.92717E+2	-2.65315E+1	6.92936E-3	3.57626E+4
-1.70361E+0	-1.80519E+0	-1.80097E-3	2.99486E+2	2.92708E+2	-2.65411E+1	6.92881E-3	3.57686E+4
-1.65539E+0	-1.75895E+0	-1.51945E-3	2.99487E+2	2.92705E+2	-2.65133E+1	6.93392E-3	3.57746E+4
-1.60684E+0	-1.71320E+0	-1.18464E-3	2.99488E+2	2.92712E+2	-2.64402E+1	6.93594E-3	3.57805E+4
-1.55818E+0	-1.66170E+0	-1.16849E-3	2.99489E+2	2.92701E+2	-2.64498E+1	6.93313E-3	3.57865E+4
-1.50920E+0	-1.61204E+0	-1.18402E-3	2.99489E+2	2.92688E+2	-2.65241E+1	6.92493E-3	3.57926E+4
-1.46007E+0	-1.56710E+0	-1.12035E-3	2.99490E+2	2.92709E+2	-2.65572E+1	6.91872E-3	3.57986E+4
-1.41143E+0	-1.52070E+0	-1.04461E-3	2.99489E+2	2.92710E+2	-2.65785E+1	6.91969E-3	3.58046E+4
-1.36328E+0	-1.46956E+0	-1.44759E-3	2.99490E+2	2.92694E+2	-2.66024E+1	6.91941E-3	3.58106E+4
-1.31472E+0	-1.41625E+0	-1.99023E-3	2.99491E+2	2.92697E+2	-2.65378E+1	6.92128E-3	3.58165E+4
-1.26583E+0	-1.36967E+0	-1.31301E-3	2.99492E+2	2.92696E+2	-2.63757E+1	6.93061E-3	3.58226E+4
-1.21718E+0	-1.32086E+0	-9.79117E-4	2.99494E+2	2.92702E+2	-2.63065E+1	6.93718E-3	3.58286E+4
-1.16834E+0	-1.27169E+0	-8.90466E-4	2.99494E+2	2.92705E+2	-2.63031E+1	6.93603E-3	3.58346E+4
-1.11265E+0	-1.21725E+0	-8.18613E-4	2.99494E+2	2.92684E+2	-2.62621E+1	6.93821E-3	3.58414E+4
-1.06487E+0	-1.16869E+0	-5.62592E-4	2.99494E+2	2.92677E+2	-2.62463E+1	6.93984E-3	3.58473E+4
-1.00788E+0	-1.11233E+0	-6.01633E-4	2.99493E+2	2.92675E+2	-2.62491E+1	6.93659E-3	3.58543E+4
-9.59730E-1	-1.06446E+0	-6.47410E-4	2.99494E+2	2.92675E+2	-2.62421E+1	6.93313E-3	3.58603E+4
-9.08955E-1	-1.01780E+0	-5.63417E-4	2.99494E+2	2.92659E+2	-2.62312E+1	6.93421E-3	3.58665E+4
-8.60015E-1	-9.67854E-1	-4.03253E-4	2.99493E+2	2.92657E+2	-2.62092E+1	6.93807E-3	3.58726E+4
-8.02754E-1	-9.05295E-1	-5.30840E-4	2.99491E+2	2.92644E+2	-2.61998E+1	6.94165E-3	3.58796E+4
-7.54070E-1	-8.54644E-1	-1.04017E-4	2.99488E+2	2.92632E+2	-2.62245E+1	6.94142E-3	3.58856E+4
-7.05283E-1	-8.07136E-1	-1.62407E-6	2.99486E+2	2.92630E+2	-2.62308E+1	6.93822E-3	3.58916E+4
-6.56857E-1	-7.60816E-1	-5.41608E-4	2.99486E+2	2.92622E+2	-2.62325E+1	6.93526E-3	3.58976E+4
-6.08656E-1	-7.10366E-1	-5.10124E-4	2.99489E+2	2.92616E+2	-2.62430E+1	6.93438E-3	3.59035E+4
-5.59948E-1	-6.59086E-1	-3.73411E-4	2.99494E+2	2.92612E+2	-2.62395E+1	6.93343E-3	3.59095E+4
-5.10942E-1	-6.10847E-1	-9.37832E-4	2.99496E+2	2.92626E+2	-2.62201E+1	6.93541E-3	3.59156E+4
-4.62142E-1	-5.64991E-1	-8.11547E-4	2.99498E+2	2.92628E+2	-2.62179E+1	6.93337E-3	3.59216E+4
-4.13613E-1	-5.14772E-1	-3.82881E-4	2.99497E+2	2.92605E+2	-2.62222E+1	6.92976E-3	3.59276E+4
-3.64398E-1	-4.63196E-1	-6.65787E-5	2.99497E+2	2.92616E+2	-2.62407E+1	6.93412E-3	3.59336E+4
-3.16002E-1	-4.18059E-1	-7.96610E-5	2.99495E+2	2.92628E+2	-2.62524E+1	6.94011E-3	3.59396E+4
-2.67761E-1	-3.68352E-1	3.37080E-5	2.99493E+2	2.92633E+2	-2.62235E+1	6.93732E-3	3.59455E+4
-2.18727E-1	-3.19338E-1	-1.24075E-4	2.99494E+2	2.92616E+2	-2.62353E+1	6.93808E-3	3.59516E+4
-1.69610E-1	-2.74817E-1	2.38600E-5	2.99498E+2	2.92600E+2	-2.62140E+1	6.93948E-3	3.59576E+4
-1.21152E-1	-2.23298E-1	-2.20703E-5	2.99502E+2	2.92613E+2	-2.61921E+1	6.93683E-3	3.59636E+4
-7.26329E-2	-1.71832E-1	-9.41433E-5	2.99508E+2	2.92634E+2	-2.62103E+1	6.93658E-3	3.59696E+4
