B_digital_(T)	B_analog_(T)	moment_(emu)	T_VTI_(K)	T_sample_(K)	sense_phase	sense_amplitude	Time
0.00000E+0	5.39038E-6	-2.84748E-5	2.89821E+2	2.88091E+2	-2.62646E+1	6.91205E-3	3.32537E+4
7.30909E-4	1.12676E-3	-5.10449E-5	2.89734E+2	2.88085E+2	-2.62567E+1	6.91676E-3	3.32560E+4
3.51382E-2	1.54433E-2	-1.49561E-4	2.89633E+2	2.88172E+2	-2.62650E+1	6.91374E-3	3.32619E+4
7.70983E-2	4.90558E-2	-1.72231E-4	2.89539E+2	2.88243E+2	-2.62791E+1	6.90960E-3	3.32679E+4
1.21910E-1	9.51072E-2	1.37664E-5	2.89434E+2	2.88211E+2	-2.62863E+1	6.90939E-3	3.32740E+4
1.74499E-1	1.48941E-1	1.05674E-4	2.89329E+2	2.88133E+2	-2.62789E+1	6.91314E-3	3.32799E+4
2.24864E-1	2.01705E-1	2.95512E-4	2.89232E+2	2.88065E+2	-2.62430E+1	6.90903E-3	3.32859E+4
2.75673E-1	2.49386E-1	7.66117E-4	2.89129E+2	2.87998E+2	-2.61969E+1	6.91082E-3	3.32920E+4
3.29188E-1	2.96916E-1	7.15838E-4	2.89039E+2	2.87906E+2	-2.61869E+1	6.91465E-3	3.32979E+4
3.77777E-1	3.43940E-1	2.43468E-4	2.88966E+2	2.87880E+2	-2.62176E+1	6.91353E-3	3.33039E+4
4.25592E-1	3.90499E-1	9.07757E-5	2.88900E+2	2.87873E+2	-2.61904E+1	6.90904E-3	3.33099E+4
4.73865E-1	4.43809E-1	-4.37186E-5	2.88839E+2	2.87843E+2	-2.62021E+1	6.91787E-3	3.33159E+4
5.32952E-1	5.09820E-1	4.24002E-4	2.88755E+2	2.87800E+2	-2.62272E+1	6.92136E-3	3.33242E+4
5.91188E-1	5.72410E-1	2.64487E-4	2.88683E+2	2.87712E+2	-2.62295E+1	6.91820E-3	3.33324E+4
6.53823E-1	6.27694E-1	-4.03500E-5	2.88625E+2	2.87630E+2	-2.61981E+1	6.91548E-3	3.33389E+4
7.11303E-1	6.85104E-1	-8.03340E-5	2.88575E+2	2.87552E+2	-2.61930E+1	6.91670E-3	3.33458E+4
7.63573E-1	7.33071E-1	8.32178E-5	2.88541E+2	2.87494E+2	-2.62356E+1	6.92462E-3	3.33519E+4
8.18579E-1	8.00836E-1	4.50956E-4	2.88501E+2	2.87447E+2	-2.61833E+1	6.92177E-3	3.33600E+4
8.90668E-1	8.64545E-1	5.86262E-5	2.88471E+2	2.87427E+2	-2.61858E+1	6.92169E-3	3.33678E+4
9.48250E-1	9.21094E-1	-3.60942E-4	2.88451E+2	2.87385E+2	-2.62249E+1	6.91508E-3	3.33744E+4
1.00762E+0	9.91936E-1	3.51749E-5	2.88429E+2	2.87334E+2	-2.62268E+1	6.91741E-3	3.33829E+4
1.06399E+0	1.05404E+0	1.64061E-4	2.88409E+2	2.87272E+2	-2.61896E+1	6.92129E-3	3.33907E+4
1.11232E+0	1.10021E+0	1.53166E-4	2.88398E+2	2.87213E+2	-2.61860E+1	6.92097E-3	3.33967E+4
1.16545E+0	1.14860E+0	5.38028E-4	2.88393E+2	2.87195E+2	-2.61979E+1	6.92539E-3	3.34029E+4
1.21859E+0	1.19711E+0	4.98958E-4	2.88388E+2	2.87172E+2	-2.61769E+1	6.92180E-3	3.34089E+4
1.26858E+0	1.24732E+0	2.84923E-4	2.88387E+2	2.87130E+2	-2.61608E+1	6.91349E-3	3.34149E+4
1.31891E+0	1.29935E+0	3.42583E-4	2.88386E+2	2.87079E+2	-2.61662E+1	6.92151E-3	3.34209E+4
1.36634E+0	1.34509E+0	2.90576E-4	2.88387E+2	2.87034E+2	-2.61947E+1	6.92234E-3	3.34269E+4
1.41766E+0	1.39097E+0	5.98089E-4	2.88390E+2	2.87003E+2	-2.62032E+1	6.92408E-3	3.34329E+4
1.46455E+0	1.44231E+0	4.37896E-4	2.88396E+2	2.86976E+2	-2.61825E+1	6.92451E-3	3.34389E+4
1.51294E+0	1.49377E+0	-1.12320E-4	2.88401E+2	2.86914E+2	-2.62211E+1	6.92423E-3	3.34449E+4
1.55250E+0	1.54090E+0	-3.25966E-4	2.88408E+2	2.86870E+2	-2.62100E+1	6.92571E-3	3.34509E+4
1.59711E+0	1.59075E+0	4.50200E-4	2.88419E+2	2.86831E+2	-2.61608E+1	6.92395E-3	3.34569E+4
1.64786E+0	1.64135E+0	6.07315E-4	2.88431E+2	2.86793E+2	-2.61813E+1	6.92860E-3	3.34629E+4
1.69707E+0	1.68894E+0	1.37336E-4	2.88442E+2	2.86745E+2	-2.61934E+1	6.92603E-3	3.34689E+4
1.74920E+0	1.73714E+0	-1.20891E-4	2.88456E+2	2.86702E+2	-2.61978E+1	6.92208E-3	3.34749E+4
1.79790E+0	1.78886E+0	-2.54040E-4	2.88469E+2	2.86683E+2	-2.62108E+1	6.92656E-3	3.34809E+4
1.85131E+0	1.83970E+0	-3.10215E-4	2.88484E+2	2.86652E+2	-2.62323E+1	6.92425E-3	3.34869E+4
1.89823E+0	1.88348E+0	-3.56999E-5	2.88499E+2	2.86618E+2	-2.62382E+1	6.92301E-3	3.34929E+4
1.94931E+0	1.93374E+0	2.68471E-4	2.88513E+2	2.86585E+2	-2.62035E+1	6.93002E-3	3.34988E+4
1.99641E+0	1.98589E+0	1.31565E-4	2.88530E+2	2.86543E+2	-2.61962E+1	6.92572E-3	3.35049E+4
2.04485E+0	2.03260E+0	2.51145E-5	2.88548E+2	2.86509E+2	-2.62127E+1	6.93077E-3	3.35109E+4
2.08250E+0	2.07890E+0	-3.46229E-4	2.88565E+2	2.86485E+2	-2.61927E+1	6.93036E-3	3.35169E+4
2.12559E+0	2.13022E+0	-2.87597E-4	2.88581E+2	2.86474E+2	-2.62092E+1	6.92819E-3	3.35229E+4
2.17772E+0	2.18202E+0	5.91328E-4	2.88599E+2	2.86452E+2	-2.62233E+1	6.92621E-3	3.35289E+4
2.22856E+0	2.22693E+0	6.85152E-4	2.88617E+2	2.86417E+2	-2.62028E+1	6.92560E-3	3.35349E+4
2.28880E+0	2.29226E+0	-3.89706E-4	2.88642E+2	2.86375E+2	-2.61983E+1	6.93340E-3	3.35430E+4
2.37193E+0	2.36526E+0	-1.75101E-4	2.88670E+2	2.86360E+2	-2.62103E+1	6.92814E-3	3.35518E+4
2.43334E+0	2.41727E+0	4.22045E-4	2.88689E+2	2.86323E+2	-2.61866E+1	6.92803E-3	3.35583E+4
2.48152E+0	2.47241E+0	9.06785E-4	2.88710E+2	2.86293E+2	-2.61864E+1	6.93109E-3	3.35649E+4
2.52836E+0	2.52285E+0	1.04579E-3	2.88729E+2	2.86280E+2	-2.62254E+1	6.92540E-3	3.35709E+4
2.57459E+0	2.56799E+0	7.33897E-4	2.88745E+2	2.86263E+2	-2.62424E+1	6.93912E-3	3.35769E+4
2.66498E+0	2.68186E+0	5.36435E-4	2.88786E+2	2.86254E+2	-2.62041E+1	6.93649E-3	3.35916E+4
2.72903E+0	2.70969E+0	4.80707E-4	2.88799E+2	2.86227E+2	-2.61951E+1	6.92859E-3	3.35946E+4
2.78899E+0	2.79089E+0	2.24712E-4	2.88826E+2	2.86201E+2	-2.61948E+1	6.93438E-3	3.36039E+4
2.84011E+0	2.84328E+0	2.14969E-4	2.88842E+2	2.86192E+2	-2.62245E+1	6.93264E-3	3.36099E+4
2.89047E+0	2.89114E+0	2.98552E-4	2.88862E+2	2.86178E+2	-2.62257E+1	6.93818E-3	3.36159E+4
2.94716E+0	2.95026E+0	6.49369E-4	2.88885E+2	2.86154E+2	-2.62166E+1	6.93259E-3	3.36235E+4
3.00018E+0	2.99872E+0	6.55923E-4	2.88902E+2	2.86136E+2	-2.62415E+1	6.93347E-3	3.36294E+4
3.05818E+0	3.06796E+0	-1.50198E-4	2.88921E+2	2.86139E+2	-2.62348E+1	6.93548E-3	3.36379E+4
3.12737E+0	3.12314E+0	-8.45851E-5	2.88938E+2	2.86125E+2	-2.61987E+1	6.93236E-3	3.36439E+4
3.17416E+0	3.17322E+0	1.06009E-4	2.88957E+2	2.86103E+2	-2.61619E+1	6.93632E-3	3.36509E+4
3.22239E+0	3.21789E+0	1.82193E-4	2.88973E+2	2.86094E+2	-2.62001E+1	6.93570E-3	3.36569E+4
3.26914E+0	3.27028E+0	3.26422E-4	2.88987E+2	2.86092E+2	-2.62162E+1	6.93820E-3	3.36629E+4
3.30691E+0	3.32024E+0	1.52370E-4	2.89004E+2	2.86091E+2	-2.61881E+1	6.93535E-3	3.36689E+4
3.35204E+0	3.37105E+0	7.29089E-5	2.89020E+2	2.86078E+2	-2.62175E+1	6.93769E-3	3.36748E+4
3.40531E+0	3.41959E+0	-2.53872E-4	2.89034E+2	2.86082E+2	-2.62168E+1	6.93427E-3	3.36809E+4
3.45464E+0	3.46468E+0	-5.78713E-4	2.89048E+2	2.86082E+2	-2.61922E+1	6.93973E-3	3.36869E+4
3.50602E+0	3.51137E+0	-6.96656E-5	2.89062E+2	2.86072E+2	-2.61994E+1	6.93735E-3	3.36929E+4
3.55758E+0	3.56203E+0	3.49914E-4	2.89075E+2	2.86063E+2	-2.61859E+1	6.93907E-3	3.36989E+4
3.60715E+0	3.61339E+0	5.61704E-4	2.89090E+2	2.86041E+2	-2.61823E+1	6.94316E-3	3.37049E+4
3.65839E+0	3.65997E+0	3.62652E-4	2.89104E+2	2.86042E+2	-2.62019E+1	6.95045E-3	3.37109E+4
3.70495E+0	3.70514E+0	1.81743E-4	2.89116E+2	2.86054E+2	-2.62281E+1	6.94474E-3	3.37168E+4
3.75345E+0	3.75541E+0	2.12244E-4	2.89127E+2	2.86035E+2	-2.61983E+1	6.94066E-3	3.37229E+4
3.79329E+0	3.80700E+0	3.34437E-4	2.89141E+2	2.86040E+2	-2.61738E+1	6.94294E-3	3.37289E+4
3.83890E+0	3.85325E+0	5.45822E-4	2.89152E+2	2.86041E+2	-2.61971E+1	6.94207E-3	3.37349E+4
3.88861E+0	3.89772E+0	2.56355E-4	2.89163E+2	2.86026E+2	-2.61904E+1	6.94424E-3	3.37409E+4
3.94904E+0	3.95849E+0	1.96236E-4	2.89178E+2	2.86035E+2	-2.61824E+1	6.94184E-3	3.37487E+4
3.99973E+0	4.01125E+0	5.89094E-4	2.89190E+2	2.86042E+2	-2.62048E+1	6.94492E-3	3.37546E+4
4.05795E+0	4.07433E+0	5.77832E-4	2.89207E+2	2.86052E+2	-2.62173E+1	6.94312E-3	3.37629E+4
4.12457E+0	4.12411E+0	-1.06118E-4	2.89217E+2	2.86039E+2	-2.61872E+1	6.93888E-3	3.37689E+4
4.17793E+0	4.17799E+0	-4.91659E-4	2.89226E+2	2.86038E+2	-2.61625E+1	6.93974E-3	3.37759E+4
4.22757E+0	4.22710E+0	4.95094E-5	2.89237E+2	2.86037E+2	-2.61979E+1	6.94483E-3	3.37819E+4
4.27660E+0	4.27751E+0	3.09860E-4	2.89248E+2	2.86040E+2	-2.61958E+1	6.93319E-3	3.37879E+4
4.33672E+0	4.34445E+0	4.56035E-4	2.89258E+2	2.86067E+2	-2.61422E+1	6.93300E-3	3.37959E+4
4.39916E+0	4.40671E+0	4.78825E-5	2.89270E+2	2.86063E+2	-2.61142E+1	6.92809E-3	3.38041E+4
4.46444E+0	4.45821E+0	-5.08605E-5	2.89280E+2	2.86062E+2	-2.61138E+1	6.93280E-3	3.38101E+4
4.51165E+0	4.51070E+0	3.12675E-4	2.89289E+2	2.86072E+2	-2.61036E+1	6.93376E-3	3.38169E+4
4.55998E+0	4.55556E+0	5.38581E-4	2.89297E+2	2.86089E+2	-2.60873E+1	6.93544E-3	3.38229E+4
4.60531E+0	4.60585E+0	5.07035E-4	2.89304E+2	2.86086E+2	-2.61167E+1	6.93048E-3	3.38289E+4
4.64660E+0	4.65631E+0	3.17736E-4	2.89311E+2	2.86067E+2	-2.61206E+1	6.93022E-3	3.38349E+4
4.69325E+0	4.70060E+0	-2.98695E-4	2.89320E+2	2.86063E+2	-2.61194E+1	6.93008E-3	3.38409E+4
4.74326E+0	4.75185E+0	-8.96122E-6	2.89328E+2	2.86083E+2	-2.61252E+1	6.92651E-3	3.38468E+4
4.79439E+0	4.80220E+0	1.20465E-4	2.89333E+2	2.86111E+2	-2.61141E+1	6.92910E-3	3.38529E+4
4.85112E+0	4.86441E+0	1.30337E-4	2.89341E+2	2.86104E+2	-2.61014E+1	6.92634E-3	3.38609E+4
4.92050E+0	4.91913E+0	3.75577E-5	2.89351E+2	2.86125E+2	-2.60932E+1	6.92408E-3	3.38669E+4
4.99064E+0	4.99837E+0	-2.21590E-3	2.89361E+2	2.86091E+2	-2.61201E+1	6.92472E-3	3.38829E+4
4.98392E+0	4.99946E+0	-8.82201E-4	2.89367E+2	2.86101E+2	-2.61324E+1	6.92550E-3	3.38878E+4
4.94613E+0	5.00000E+0	2.61936E-4	2.89370E+2	2.86081E+2	-2.60988E+1	6.92565E-3	3.38969E+4
4.89732E+0	4.97989E+0	2.56241E-4	2.89373E+2	2.86043E+2	-2.60878E+1	6.92448E-3	3.39031E+4
4.84241E+0	4.93918E+0	3.88343E-4	2.89376E+2	2.86004E+2	-2.60917E+1	6.92314E-3	3.39099E+4
4.79425E+0	4.89215E+0	5.57308E-4	2.89379E+2	2.85983E+2	-2.61033E+1	6.92645E-3	3.39158E+4
4.74528E+0	4.84496E+0	2.13330E-4	2.89384E+2	2.85949E+2	-2.60970E+1	6.93037E-3	3.39219E+4
4.69602E+0	4.79179E+0	-7.64151E-6	2.89386E+2	2.85925E+2	-2.61159E+1	6.92593E-3	3.39279E+4
4.64761E+0	4.74238E+0	3.14378E-5	2.89389E+2	2.85882E+2	-2.61749E+1	6.92783E-3	3.39339E+4
4.59917E+0	4.69827E+0	-1.94081E-4	2.89393E+2	2.85843E+2	-2.61725E+1	6.93477E-3	3.39399E+4
4.54997E+0	4.64805E+0	-1.94931E-4	2.89396E+2	2.85847E+2	-2.61405E+1	6.93273E-3	3.39459E+4
4.50152E+0	4.59739E+0	-3.23373E-5	2.89400E+2	2.85833E+2	-2.61209E+1	6.93000E-3	3.39519E+4
4.45308E+0	4.55156E+0	4.13274E-5	2.89402E+2	2.85793E+2	-2.61430E+1	6.93124E-3	3.39579E+4
4.40390E+0	4.50529E+0	6.03504E-5	2.89405E+2	2.85790E+2	-2.61215E+1	6.93633E-3	3.39639E+4
4.35518E+0	4.45556E+0	1.09262E-4	2.89408E+2	2.85773E+2	-2.61253E+1	6.94126E-3	3.39699E+4
4.30674E+0	4.40398E+0	2.06927E-4	2.89411E+2	2.85726E+2	-2.61477E+1	6.94002E-3	3.39759E+4
4.25828E+0	4.35715E+0	3.59070E-4	2.89415E+2	2.85712E+2	-2.61206E+1	6.93415E-3	3.39819E+4
4.20904E+0	4.31138E+0	3.79383E-4	2.89417E+2	2.85669E+2	-2.61370E+1	6.93683E-3	3.39879E+4
4.16063E+0	4.26609E+0	3.55876E-4	2.89421E+2	2.85637E+2	-2.61374E+1	6.94544E-3	3.39939E+4
4.11222E+0	4.21554E+0	-1.24671E-4	2.89425E+2	2.85636E+2	-2.61103E+1	6.94546E-3	3.39999E+4
4.06304E+0	4.16477E+0	-5.07837E-5	2.89427E+2	2.85595E+2	-2.61276E+1	6.94496E-3	3.40059E+4
4.01425E+0	4.11828E+0	2.16150E-4	2.89430E+2	2.85580E+2	-2.61125E+1	6.94639E-3	3.40119E+4
3.96584E+0	4.07226E+0	2.63415E-4	2.89432E+2	2.85568E+2	-2.61103E+1	6.94411E-3	3.40179E+4
3.91738E+0	4.02402E+0	4.41313E-4	2.89437E+2	2.85549E+2	-2.61267E+1	6.94475E-3	3.40239E+4
3.86816E+0	3.97264E+0	2.70898E-4	2.89440E+2	2.85522E+2	-2.61416E+1	6.94729E-3	3.40299E+4
3.81974E+0	3.92734E+0	-1.18492E-4	2.89440E+2	2.85487E+2	-2.61563E+1	6.94952E-3	3.40359E+4
3.77128E+0	3.88220E+0	-1.29707E-4	2.89444E+2	2.85475E+2	-2.61115E+1	6.95155E-3	3.40419E+4
3.72206E+0	3.83014E+0	6.88232E-5	2.89446E+2	2.85443E+2	-2.61091E+1	6.94950E-3	3.40479E+4
3.67365E+0	3.77982E+0	-8.47566E-5	2.89447E+2	2.85407E+2	-2.61197E+1	6.94437E-3	3.40539E+4
3.62547E+0	3.73111E+0	-3.97003E-4	2.89451E+2	2.85403E+2	-2.61099E+1	6.94441E-3	3.40598E+4
3.57649E+0	3.68083E+0	5.92438E-5	2.89454E+2	2.85390E+2	-2.61139E+1	6.94251E-3	3.40659E+4
3.52729E+0	3.63511E+0	2.42020E-4	2.89454E+2	2.85347E+2	-2.61325E+1	6.94466E-3	3.40719E+4
3.47891E+0	3.59080E+0	6.97081E-5	2.89456E+2	2.85317E+2	-2.61425E+1	6.94625E-3	3.40779E+4
3.43040E+0	3.53801E+0	2.06548E-4	2.89459E+2	2.85322E+2	-2.61409E+1	6.94689E-3	3.40839E+4
3.38117E+0	3.48679E+0	3.57747E-4	2.89460E+2	2.85290E+2	-2.61762E+1	6.95077E-3	3.40899E+4
3.33276E+0	3.44138E+0	4.93462E-4	2.89463E+2	2.85249E+2	-2.61689E+1	6.95124E-3	3.40959E+4
3.28433E+0	3.39477E+0	4.33261E-4	2.89464E+2	2.85245E+2	-2.61631E+1	6.95432E-3	3.41019E+4
3.23513E+0	3.34783E+0	-1.28084E-5	2.89466E+2	2.85233E+2	-2.61481E+1	6.95689E-3	3.41079E+4
3.18638E+0	3.29711E+0	-6.83585E-5	2.89469E+2	2.85222E+2	-2.61176E+1	6.95624E-3	3.41139E+4
3.13798E+0	3.24480E+0	8.21637E-5	2.89469E+2	2.85193E+2	-2.61130E+1	6.94975E-3	3.41199E+4
3.08951E+0	3.19771E+0	6.17718E-5	2.89472E+2	2.85169E+2	-2.61197E+1	6.94783E-3	3.41259E+4
3.04029E+0	3.15198E+0	5.25964E-5	2.89474E+2	2.85149E+2	-2.61629E+1	6.95181E-3	3.41319E+4
2.99188E+0	3.10214E+0	-3.23931E-5	2.89475E+2	2.85122E+2	-2.61707E+1	6.94702E-3	3.41379E+4
2.94344E+0	3.05222E+0	-4.22849E-5	2.89477E+2	2.85111E+2	-2.61415E+1	6.95374E-3	3.41439E+4
2.89425E+0	3.00573E+0	1.77941E-4	2.89478E+2	2.85084E+2	-2.61201E+1	6.95779E-3	3.41499E+4
2.84579E+0	2.95848E+0	3.04140E-4	2.89478E+2	2.85052E+2	-2.60818E+1	6.96058E-3	3.41559E+4
2.79761E+0	2.90892E+0	1.31873E-4	2.89480E+2	2.85024E+2	-2.61013E+1	6.96088E-3	3.41618E+4
2.74863E+0	2.85834E+0	1.00825E-4	2.89482E+2	2.85029E+2	-2.61181E+1	6.95786E-3	3.41679E+4
2.69940E+0	2.80697E+0	7.37560E-5	2.89483E+2	2.85023E+2	-2.61218E+1	6.95243E-3	3.41739E+4
2.65099E+0	2.75543E+0	-2.97085E-4	2.89484E+2	2.84980E+2	-2.61383E+1	6.96126E-3	3.41799E+4
2.60253E+0	2.70971E+0	-3.02218E-4	2.89485E+2	2.84962E+2	-2.61566E+1	6.95873E-3	3.41859E+4
2.55331E+0	2.66470E+0	1.99558E-4	2.89485E+2	2.84938E+2	-2.61325E+1	6.95438E-3	3.41919E+4
2.50496E+0	2.61535E+0	1.37541E-4	2.89486E+2	2.84911E+2	-2.60960E+1	6.96168E-3	3.41979E+4
2.45657E+0	2.56300E+0	2.08562E-4	2.89487E+2	2.84901E+2	-2.61272E+1	6.96494E-3	3.42039E+4
2.40729E+0	2.51592E+0	3.93672E-4	2.89487E+2	2.84863E+2	-2.61482E+1	6.96331E-3	3.42099E+4
2.35859E+0	2.46964E+0	6.41076E-4	2.89489E+2	2.84834E+2	-2.61723E+1	6.96196E-3	3.42159E+4
2.30997E+0	2.41608E+0	4.19743E-4	2.89490E+2	2.84832E+2	-2.61786E+1	6.96397E-3	3.42219E+4
2.26133E+0	2.36485E+0	9.35698E-5	2.89490E+2	2.84814E+2	-2.61561E+1	6.96528E-3	3.42279E+4
2.21247E+0	2.31889E+0	-1.36569E-4	2.89492E+2	2.84793E+2	-2.61586E+1	6.96582E-3	3.42339E+4
2.16404E+0	2.27275E+0	-7.94094E-5	2.89492E+2	2.84769E+2	-2.61482E+1	6.96280E-3	3.42399E+4
2.11560E+0	2.22237E+0	4.53225E-5	2.89492E+2	2.84743E+2	-2.61202E+1	6.96418E-3	3.42459E+4
2.06633E+0	2.16984E+0	-1.20484E-5	2.89493E+2	2.84734E+2	-2.61316E+1	6.96484E-3	3.42519E+4
2.01792E+0	2.12383E+0	5.44800E-5	2.89494E+2	2.84709E+2	-2.61523E+1	6.96768E-3	3.42579E+4
1.96974E+0	2.07766E+0	2.99169E-5	2.89495E+2	2.84692E+2	-2.61643E+1	6.96600E-3	3.42638E+4
1.92079E+0	2.03060E+0	-3.02813E-4	2.89495E+2	2.84683E+2	-2.61534E+1	6.96309E-3	3.42699E+4
1.87159E+0	1.97941E+0	-3.09877E-4	2.89495E+2	2.84663E+2	-2.61478E+1	6.96888E-3	3.42759E+4
1.80195E+0	1.91086E+0	-3.57848E-4	2.89495E+2	2.84626E+2	-2.61444E+1	6.97173E-3	3.42845E+4
1.75317E+0	1.85723E+0	-2.25941E-5	2.89496E+2	2.84592E+2	-2.61575E+1	6.97221E-3	3.42905E+4
1.67794E+0	1.78202E+0	-3.11711E-5	2.89497E+2	2.84598E+2	-2.61379E+1	6.97380E-3	3.42998E+4
1.62923E+0	1.73459E+0	5.85299E-5	2.89497E+2	2.84585E+2	-2.61319E+1	6.97462E-3	3.43058E+4
1.57945E+0	1.68602E+0	2.13148E-4	2.89499E+2	2.84566E+2	-2.61334E+1	6.97078E-3	3.43119E+4
1.53097E+0	1.63560E+0	-8.82232E-5	2.89501E+2	2.84550E+2	-2.61539E+1	6.96744E-3	3.43179E+4
1.48284E+0	1.58348E+0	1.12483E-4	2.89499E+2	2.84526E+2	-2.61759E+1	6.96838E-3	3.43238E+4
1.41599E+0	1.51748E+0	-1.24708E-4	2.89500E+2	2.84505E+2	-2.61620E+1	6.97135E-3	3.43321E+4
1.36676E+0	1.46362E+0	-5.32082E-4	2.89501E+2	2.84479E+2	-2.61872E+1	6.97334E-3	3.43381E+4
1.29619E+0	1.40051E+0	-2.10307E-4	2.89503E+2	2.84456E+2	-2.62034E+1	6.97015E-3	3.43468E+4
1.24725E+0	1.34937E+0	2.65209E-4	2.89502E+2	2.84418E+2	-2.61786E+1	6.97235E-3	3.43529E+4
1.19018E+0	1.29180E+0	1.46056E-4	2.89503E+2	2.84396E+2	-2.61508E+1	6.97724E-3	3.43599E+4
1.14192E+0	1.24476E+0	-2.54260E-4	2.89503E+2	2.84388E+2	-2.61470E+1	6.97245E-3	3.43658E+4
1.07512E+0	1.17773E+0	3.28686E-4	2.89503E+2	2.84387E+2	-2.61329E+1	6.96823E-3	3.43741E+4
1.02596E+0	1.12543E+0	4.20334E-4	2.89504E+2	2.84351E+2	-2.61283E+1	6.97070E-3	3.43801E+4
9.70671E-1	1.07276E+0	5.55095E-4	2.89504E+2	2.84319E+2	-2.61519E+1	6.97115E-3	3.43869E+4
9.22214E-1	1.02400E+0	1.86132E-4	2.89504E+2	2.84320E+2	-2.61894E+1	6.97261E-3	3.43929E+4
8.73784E-1	9.73256E-1	-7.94749E-4	2.89502E+2	2.84289E+2	-2.61634E+1	6.97435E-3	3.43989E+4
8.24631E-1	9.20099E-1	7.92691E-5	2.89500E+2	2.84234E+2	-2.61370E+1	6.97064E-3	3.44049E+4
7.76215E-1	8.71269E-1	8.29719E-4	2.89498E+2	2.84206E+2	-2.61500E+1	6.97621E-3	3.44109E+4
7.27949E-1	8.23927E-1	3.60440E-4	2.89494E+2	2.84174E+2	-2.61537E+1	6.97776E-3	3.44168E+4
6.78989E-1	7.75978E-1	-7.33622E-4	2.89493E+2	2.84129E+2	-2.61591E+1	6.97645E-3	3.44229E+4
6.29810E-1	7.30277E-1	3.28627E-4	2.89495E+2	2.84139E+2	-2.61688E+1	6.97723E-3	3.44289E+4
5.81381E-1	6.79518E-1	5.50885E-4	2.89499E+2	2.84178E+2	-2.61811E+1	6.97488E-3	3.44349E+4
5.32895E-1	6.26151E-1	-3.81827E-4	2.89502E+2	2.84165E+2	-2.61674E+1	6.97293E-3	3.44409E+4
4.83689E-1	5.80329E-1	-7.37399E-4	2.89502E+2	2.84138E+2	-2.61430E+1	6.98040E-3	3.44469E+4
4.18947E-1	5.17333E-1	-3.26297E-4	2.89502E+2	2.84110E+2	-2.61558E+1	6.97896E-3	3.44549E+4
3.70626E-1	4.63636E-1	-2.86865E-4	2.89500E+2	2.84093E+2	-2.61711E+1	6.97410E-3	3.44609E+4
3.14065E-1	4.10631E-1	-1.17722E-4	2.89499E+2	2.84084E+2	-2.62034E+1	6.97473E-3	3.44678E+4
2.65055E-1	3.59480E-1	1.50227E-4	2.89497E+2	2.84062E+2	-2.62286E+1	6.97998E-3	3.44739E+4
2.15852E-1	3.08541E-1	1.49973E-5	2.89497E+2	2.84023E+2	-2.62016E+1	6.98058E-3	3.44799E+4
1.67400E-1	2.63825E-1	-1.81157E-4	2.89501E+2	2.84037E+2	-2.62073E+1	6.98173E-3	3.44859E+4
1.18962E-1	2.18992E-1	-2.98871E-4	2.89504E+2	2.84061E+2	-2.62229E+1	6.97967E-3	3.44919E+4
6.97842E-2	1.66601E-1	-4.18123E-4	2.89509E+2	2.84087E+2	-2.62035E+1	6.97543E-3	3.44979E+4
4.18620E-3	1.14457E-1	-1.91964E-4	2.89508E+2	2.84070E+2	-2.61749E+1	6.97870E-3	3.45039E+4
-3.23849E-4	6.78255E-2	-2.35646E-4	2.89495E+2	2.83934E+2	-2.61530E+1	6.97986E-3	3.45099E+4
-3.23849E-4	2.23198E-2	-7.86282E-5	2.89485E+2	2.83838E+2	-2.61906E+1	6.97805E-3	3.45175E+4
-1.96115E-2	-6.16219E-3	-1.50075E-4	2.89494E+2	2.83893E+2	-2.62115E+1	6.98182E-3	3.45253E+4
-6.41960E-2	-3.47679E-2	-6.16988E-4	2.89508E+2	2.83997E+2	-2.62128E+1	6.98043E-3	3.45315E+4
-1.21797E-1	-9.49389E-2	-3.92467E-4	2.89516E+2	2.84044E+2	-2.62132E+1	6.97660E-3	3.45397E+4
-1.92445E-1	-1.66948E-1	2.44717E-4	2.89509E+2	2.84004E+2	-2.62106E+1	6.98228E-3	3.45479E+4
-2.51261E-1	-2.21740E-1	3.68358E-4	2.89506E+2	2.83985E+2	-2.61917E+1	6.98569E-3	3.45548E+4
-3.24236E-1	-3.16036E-1	-5.68771E-4	2.89507E+2	2.83994E+2	-2.62426E+1	6.98321E-3	3.45672E+4
-5.98395E-1	-5.91321E-1	-2.05937E-4	2.89516E+2	2.84080E+2	-2.61530E+1	6.98070E-3	3.46013E+4
-6.45591E-1	-6.15711E-1	-1.21823E-4	2.89514E+2	2.84076E+2	-2.61721E+1	6.98457E-3	3.46039E+4
-6.99437E-1	-6.64002E-1	1.85069E-4	2.89512E+2	2.84063E+2	-2.61721E+1	6.98999E-3	3.46099E+4
-7.49085E-1	-7.15503E-1	4.05567E-4	2.89511E+2	2.84070E+2	-2.61650E+1	6.97751E-3	3.46158E+4
-7.98302E-1	-7.82638E-1	5.75264E-5	2.89514E+2	2.84088E+2	-2.61633E+1	6.98543E-3	3.46236E+4
-1.15181E+0	-1.14956E+0	-5.81650E-4	2.89521E+2	2.84221E+2	-2.61706E+1	6.98179E-3	3.46698E+4
-1.18961E+0	-1.17296E+0	-3.75609E-4	2.89521E+2	2.84255E+2	-2.61590E+1	6.98877E-3	3.46719E+4
-1.24055E+0	-1.21936E+0	-2.87344E-4	2.89521E+2	2.84289E+2	-2.61689E+1	6.98410E-3	3.46779E+4
-1.29070E+0	-1.27308E+0	-4.78014E-4	2.89520E+2	2.84313E+2	-2.62016E+1	6.98388E-3	3.46840E+4
-1.37204E+0	-1.37058E+0	-4.42862E-4	2.89521E+2	2.84353E+2	-2.61730E+1	6.98264E-3	3.46971E+4
-1.44907E+0	-1.45454E+0	-5.22538E-4	2.89518E+2	2.84409E+2	-2.61266E+1	6.98833E-3	3.47072E+4
-1.50794E+0	-1.49391E+0	-3.34438E-4	2.89519E+2	2.84399E+2	-2.61545E+1	6.98682E-3	3.47107E+4
-1.55962E+0	-1.55344E+0	-4.98908E-5	2.89519E+2	2.84412E+2	-2.61607E+1	6.99155E-3	3.47179E+4
-1.60909E+0	-1.59923E+0	1.38571E-5	2.89517E+2	2.84423E+2	-2.61403E+1	6.98433E-3	3.47239E+4
-1.66731E+0	-1.66533E+0	-4.49723E-4	2.89517E+2	2.84476E+2	-2.61819E+1	6.98753E-3	3.47318E+4
-1.73286E+0	-1.72194E+0	-4.75121E-4	2.89515E+2	2.84490E+2	-2.61858E+1	6.98861E-3	3.47379E+4
-1.79071E+0	-1.78622E+0	-1.44417E-5	2.89517E+2	2.84502E+2	-2.61612E+1	6.98550E-3	3.47466E+4
-1.84620E+0	-1.83630E+0	3.26332E-4	2.89517E+2	2.84507E+2	-2.61684E+1	6.98722E-3	3.47525E+4
-1.89664E+0	-1.88601E+0	3.65968E-4	2.89517E+2	2.84509E+2	-2.61757E+1	6.99122E-3	3.47589E+4
-1.94800E+0	-1.93325E+0	-1.90789E-4	2.89516E+2	2.84532E+2	-2.61791E+1	6.98483E-3	3.47649E+4
-1.99785E+0	-1.98414E+0	-4.21608E-4	2.89515E+2	2.84543E+2	-2.62011E+1	6.99554E-3	3.47709E+4
-2.04423E+0	-2.03296E+0	-3.90949E-4	2.89516E+2	2.84556E+2	-2.61988E+1	6.98870E-3	3.47770E+4
-2.09306E+0	-2.08028E+0	-3.84408E-5	2.89515E+2	2.84574E+2	-2.61772E+1	6.98691E-3	3.47829E+4
-2.14914E+0	-2.13995E+0	4.93092E-4	2.89516E+2	2.84594E+2	-2.61458E+1	6.99057E-3	3.47905E+4
-2.23418E+0	-2.24313E+0	-6.57530E-4	2.89515E+2	2.84615E+2	-2.61174E+1	6.98809E-3	3.48038E+4
-2.29347E+0	-2.27923E+0	-6.71332E-4	2.89515E+2	2.84625E+2	-2.61652E+1	6.99510E-3	3.48071E+4
-2.35044E+0	-2.34848E+0	-7.30512E-5	2.89515E+2	2.84651E+2	-2.61652E+1	6.99303E-3	3.48155E+4
-2.40288E+0	-2.39718E+0	1.96839E-4	2.89515E+2	2.84685E+2	-2.61342E+1	6.98873E-3	3.48215E+4
-2.45535E+0	-2.44558E+0	-3.63436E-4	2.89516E+2	2.84697E+2	-2.61625E+1	6.98638E-3	3.48280E+4
-2.50651E+0	-2.49776E+0	-5.84872E-4	2.89516E+2	2.84697E+2	-2.61768E+1	7.00215E-3	3.48339E+4
-2.55230E+0	-2.54628E+0	-5.62427E-4	2.89515E+2	2.84719E+2	-2.61754E+1	6.99339E-3	3.48399E+4
-2.59846E+0	-2.59129E+0	-5.58224E-4	2.89514E+2	2.84732E+2	-2.61938E+1	6.99051E-3	3.48460E+4
-2.64736E+0	-2.63846E+0	-2.14618E-4	2.89514E+2	2.84748E+2	-2.61847E+1	6.99550E-3	3.48519E+4
-2.68639E+0	-2.69128E+0	9.38721E-5	2.89514E+2	2.84772E+2	-2.61608E+1	6.99586E-3	3.48579E+4
-2.73348E+0	-2.74465E+0	2.18213E-4	2.89514E+2	2.84780E+2	-2.61571E+1	6.99235E-3	3.48640E+4
-2.78534E+0	-2.78959E+0	-2.71506E-5	2.89513E+2	2.84798E+2	-2.61834E+1	6.99692E-3	3.48699E+4
-2.83559E+0	-2.83904E+0	-2.18059E-4	2.89513E+2	2.84824E+2	-2.61937E+1	6.99336E-3	3.48759E+4
-2.88622E+0	-2.88931E+0	3.42815E-4	2.89513E+2	2.84836E+2	-2.61745E+1	6.99879E-3	3.48819E+4
-2.93630E+0	-2.93573E+0	2.07863E-4	2.89514E+2	2.84856E+2	-2.61466E+1	6.99539E-3	3.48880E+4
-2.98433E+0	-2.98212E+0	-1.57123E-4	2.89515E+2	2.84867E+2	-2.61583E+1	6.99227E-3	3.48939E+4
-3.03517E+0	-3.03314E+0	1.54037E-4	2.89514E+2	2.84891E+2	-2.61774E+1	6.99416E-3	3.48999E+4
-3.09696E+0	-3.10228E+0	-3.92423E-4	2.89512E+2	2.84931E+2	-2.61760E+1	6.99751E-3	3.49079E+4
-3.14462E+0	-3.14817E+0	-4.44964E-4	2.89512E+2	2.84942E+2	-2.61547E+1	7.00187E-3	3.49139E+4
-3.19916E+0	-3.20910E+0	3.16135E-5	2.89512E+2	2.84961E+2	-2.61705E+1	6.99520E-3	3.49216E+4
-3.27115E+0	-3.26651E+0	1.26493E-4	2.89512E+2	2.84968E+2	-2.61701E+1	7.00706E-3	3.49277E+4
-3.31759E+0	-3.32188E+0	2.16269E-4	2.89512E+2	2.84979E+2	-2.61691E+1	6.99587E-3	3.49349E+4
-3.36439E+0	-3.36843E+0	-6.65152E-5	2.89512E+2	2.85016E+2	-2.61878E+1	6.99790E-3	3.49409E+4
-3.40550E+0	-3.41516E+0	-3.73396E-4	2.89512E+2	2.85022E+2	-2.61899E+1	6.99612E-3	3.49469E+4
-3.45069E+0	-3.46204E+0	-2.70354E-4	2.89512E+2	2.85043E+2	-2.61879E+1	6.99318E-3	3.49530E+4
-3.50220E+0	-3.50826E+0	-6.33509E-4	2.89512E+2	2.85061E+2	-2.61577E+1	6.99439E-3	3.49589E+4
-3.55077E+0	-3.56009E+0	-6.10423E-4	2.89512E+2	2.85064E+2	-2.61807E+1	6.99925E-3	3.49649E+4
-3.59877E+0	-3.61303E+0	-6.99622E-4	2.89511E+2	2.85075E+2	-2.61707E+1	6.99513E-3	3.49710E+4
-3.65148E+0	-3.65843E+0	-3.14892E-4	2.89511E+2	2.85085E+2	-2.61539E+1	6.99661E-3	3.49769E+4
-3.70109E+0	-3.70353E+0	-1.75639E-4	2.89511E+2	2.85108E+2	-2.62033E+1	7.00204E-3	3.49829E+4
-3.75267E+0	-3.75520E+0	-3.87535E-4	2.89510E+2	2.85118E+2	-2.61796E+1	6.99270E-3	3.49889E+4
-3.80251E+0	-3.80482E+0	-2.70573E-4	2.89510E+2	2.85140E+2	-2.61473E+1	7.00494E-3	3.49949E+4
-3.85016E+0	-3.85026E+0	-4.87603E-4	2.89511E+2	2.85174E+2	-2.61703E+1	6.99208E-3	3.50009E+4
-3.90821E+0	-3.90936E+0	-8.56463E-4	2.89511E+2	2.85175E+2	-2.61491E+1	7.00002E-3	3.50085E+4
-3.96419E+0	-3.95661E+0	-2.10517E-4	2.89511E+2	2.85189E+2	-2.61303E+1	6.99484E-3	3.50144E+4
-4.01183E+0	-4.01102E+0	8.00609E-4	2.89510E+2	2.85208E+2	-2.61543E+1	7.00430E-3	3.50209E+4
-4.07112E+0	-4.07202E+0	6.17688E-4	2.89510E+2	2.85219E+2	-2.61717E+1	7.00180E-3	3.50287E+4
-4.12367E+0	-4.12100E+0	2.77857E-4	2.89510E+2	2.85216E+2	-2.61657E+1	6.99907E-3	3.50346E+4
-4.17390E+0	-4.17270E+0	-1.12667E-5	2.89509E+2	2.85268E+2	-2.61739E+1	6.99906E-3	3.50409E+4
-4.22053E+0	-4.21888E+0	-1.24242E-5	2.89508E+2	2.85275E+2	-2.61850E+1	6.99983E-3	3.50469E+4
-4.26937E+0	-4.26554E+0	1.57880E-4	2.89509E+2	2.85283E+2	-2.61886E+1	6.99663E-3	3.50529E+4
-4.31508E+0	-4.31574E+0	4.97122E-4	2.89509E+2	2.85309E+2	-2.62034E+1	7.00039E-3	3.50590E+4
-4.37778E+0	-4.37623E+0	-3.30525E-4	2.89510E+2	2.85327E+2	-2.62041E+1	6.99695E-3	3.50667E+4
-4.43106E+0	-4.42605E+0	-9.72821E-4	2.89510E+2	2.85348E+2	-2.61800E+1	6.99631E-3	3.50727E+4
-4.46879E+0	-4.47911E+0	-8.00395E-4	2.89509E+2	2.85362E+2	-2.61745E+1	6.99812E-3	3.50789E+4
-4.51359E+0	-4.52313E+0	-6.18376E-4	2.89511E+2	2.85378E+2	-2.61922E+1	7.00138E-3	3.50849E+4
-4.58468E+0	-4.59032E+0	-3.29359E-4	2.89509E+2	2.85394E+2	-2.61662E+1	7.00085E-3	3.50938E+4
-4.63872E+0	-4.63949E+0	-2.75206E-4	2.89507E+2	2.85407E+2	-2.61762E+1	6.99067E-3	3.50998E+4
-4.69111E+0	-4.69559E+0	-5.15783E-4	2.89508E+2	2.85435E+2	-2.61836E+1	6.99435E-3	3.51060E+4
-4.74001E+0	-4.74707E+0	-4.51972E-4	2.89506E+2	2.85453E+2	-2.62041E+1	6.99642E-3	3.51119E+4
-4.79062E+0	-4.79414E+0	-1.47191E-4	2.89506E+2	2.85451E+2	-2.62312E+1	7.00178E-3	3.51179E+4
-4.84081E+0	-4.84217E+0	1.38651E-5	2.89507E+2	2.85473E+2	-2.61900E+1	6.99347E-3	3.51240E+4
-4.89257E+0	-4.88981E+0	-6.31485E-5	2.89507E+2	2.85498E+2	-2.61675E+1	7.00070E-3	3.51299E+4
-4.93853E+0	-4.94164E+0	-3.16694E-4	2.89507E+2	2.85525E+2	-2.61564E+1	7.00152E-3	3.51359E+4
-4.98779E+0	-4.98491E+0	-4.71921E-4	2.89506E+2	2.85543E+2	-2.61296E+1	7.00342E-3	3.51419E+4
-4.99843E+0	-4.99971E+0	8.43503E-5	2.89507E+2	2.85525E+2	-2.61474E+1	7.00466E-3	3.51479E+4
-4.98665E+0	-5.00000E+0	1.54111E-4	2.89505E+2	2.85509E+2	-2.61732E+1	7.00596E-3	3.51539E+4
-4.95880E+0	-5.00000E+0	-2.44750E-4	2.89501E+2	2.85499E+2	-2.61682E+1	7.00490E-3	3.51599E+4
-4.89436E+0	-4.98828E+0	-5.21190E-4	2.89496E+2	2.85484E+2	-2.62040E+1	7.00553E-3	3.51678E+4
-4.82925E+0	-4.93454E+0	-7.24078E-4	2.89495E+2	2.85458E+2	-2.62165E+1	7.00256E-3	3.51759E+4
-4.77425E+0	-4.87923E+0	-5.62618E-4	2.89492E+2	2.85437E+2	-2.61765E+1	7.00026E-3	3.51826E+4
-4.72294E+0	-4.82399E+0	-2.03711E-4	2.89489E+2	2.85412E+2	-2.61138E+1	7.00359E-3	3.51889E+4
-4.67455E+0	-4.77201E+0	1.14917E-4	2.89488E+2	2.85387E+2	-2.61185E+1	7.00179E-3	3.51949E+4
-4.62606E+0	-4.72630E+0	2.58894E-4	2.89489E+2	2.85391E+2	-2.61570E+1	7.00245E-3	3.52009E+4
-4.57686E+0	-4.68126E+0	-1.21766E-4	2.89488E+2	2.85367E+2	-2.61876E+1	7.00328E-3	3.52069E+4
-4.52841E+0	-4.62906E+0	-7.69977E-5	2.89486E+2	2.85334E+2	-2.61938E+1	7.00123E-3	3.52129E+4
-4.48023E+0	-4.57676E+0	-2.09173E-5	2.89485E+2	2.85318E+2	-2.61427E+1	7.00466E-3	3.52189E+4
-4.43124E+0	-4.53130E+0	-2.02419E-4	2.89484E+2	2.85299E+2	-2.61224E+1	7.00547E-3	3.52249E+4
-4.38202E+0	-4.48717E+0	-4.71904E-5	2.89482E+2	2.85284E+2	-2.61413E+1	7.00522E-3	3.52310E+4
-4.33363E+0	-4.44074E+0	7.07879E-5	2.89482E+2	2.85249E+2	-2.61698E+1	7.00445E-3	3.52369E+4
-4.28517E+0	-4.38768E+0	-3.15594E-4	2.89482E+2	2.85214E+2	-2.61829E+1	7.00552E-3	3.52429E+4
-4.23597E+0	-4.33644E+0	-2.45524E-4	2.89484E+2	2.85198E+2	-2.61874E+1	7.00467E-3	3.52489E+4
-4.18753E+0	-4.29076E+0	-2.96494E-4	2.89483E+2	2.85201E+2	-2.61755E+1	7.00189E-3	3.52549E+4
-4.13907E+0	-4.24527E+0	-2.89418E-4	2.89482E+2	2.85178E+2	-2.61416E+1	7.00220E-3	3.52609E+4
-4.08988E+0	-4.19461E+0	-1.78149E-4	2.89481E+2	2.85154E+2	-2.61252E+1	7.00689E-3	3.52669E+4
-4.04114E+0	-4.14386E+0	-3.12957E-4	2.89481E+2	2.85141E+2	-2.61569E+1	7.00655E-3	3.52730E+4
-3.99274E+0	-4.09863E+0	-3.10732E-4	2.89480E+2	2.85129E+2	-2.61650E+1	7.00282E-3	3.52789E+4
-3.94426E+0	-4.05336E+0	-2.04608E-4	2.89480E+2	2.85108E+2	-2.61254E+1	7.00184E-3	3.52849E+4
-3.89505E+0	-4.00188E+0	-2.02847E-4	2.89480E+2	2.85074E+2	-2.61221E+1	7.00763E-3	3.52910E+4
-3.84664E+0	-3.95240E+0	-3.74483E-5	2.89481E+2	2.85048E+2	-2.61633E+1	7.00714E-3	3.52969E+4
-3.79819E+0	-3.90703E+0	-1.44121E-4	2.89480E+2	2.85042E+2	-2.61658E+1	7.00756E-3	3.53029E+4
-3.74903E+0	-3.86073E+0	-2.31523E-4	2.89480E+2	2.85034E+2	-2.61449E+1	7.00352E-3	3.53089E+4
-3.70060E+0	-3.80997E+0	2.20080E-5	2.89482E+2	2.85017E+2	-2.61408E+1	7.00620E-3	3.53149E+4
-3.65236E+0	-3.75984E+0	-2.12991E-4	2.89482E+2	2.84988E+2	-2.61648E+1	7.01110E-3	3.53209E+4
-3.60338E+0	-3.71442E+0	-1.27834E-4	2.89482E+2	2.84982E+2	-2.61726E+1	7.00577E-3	3.53269E+4
-3.55416E+0	-3.66937E+0	-1.37307E-4	2.89481E+2	2.84966E+2	-2.61771E+1	7.00525E-3	3.53330E+4
-3.50576E+0	-3.61758E+0	-2.50061E-4	2.89482E+2	2.84943E+2	-2.61608E+1	7.00952E-3	3.53389E+4
-3.45731E+0	-3.56621E+0	-2.21673E-4	2.89484E+2	2.84921E+2	-2.61440E+1	7.00951E-3	3.53449E+4
-3.40811E+0	-3.52023E+0	1.82469E-5	2.89482E+2	2.84905E+2	-2.61679E+1	7.00735E-3	3.53509E+4
-3.35967E+0	-3.47337E+0	1.44473E-4	2.89482E+2	2.84895E+2	-2.61712E+1	7.01503E-3	3.53569E+4
-3.31121E+0	-3.42577E+0	9.30966E-5	2.89482E+2	2.84864E+2	-2.61527E+1	7.01576E-3	3.53629E+4
-3.26204E+0	-3.37399E+0	3.88809E-4	2.89482E+2	2.84828E+2	-2.61645E+1	7.01155E-3	3.53689E+4
-3.21332E+0	-3.32596E+0	2.13637E-4	2.89483E+2	2.84822E+2	-2.61728E+1	7.01208E-3	3.53749E+4
-3.16490E+0	-3.28187E+0	9.61883E-6	2.89483E+2	2.84808E+2	-2.61647E+1	7.01344E-3	3.53809E+4
-3.11644E+0	-3.23043E+0	7.22908E-5	2.89483E+2	2.84769E+2	-2.61520E+1	7.01612E-3	3.53869E+4
-3.06721E+0	-3.18041E+0	-2.87014E-5	2.89484E+2	2.84776E+2	-2.61756E+1	7.01788E-3	3.53929E+4
-3.01881E+0	-3.13532E+0	2.19874E-4	2.89483E+2	2.84768E+2	-2.61750E+1	7.01590E-3	3.53989E+4
-2.97030E+0	-3.08339E+0	1.95787E-4	2.89484E+2	2.84748E+2	-2.61681E+1	7.01342E-3	3.54049E+4
-2.92109E+0	-3.03148E+0	-3.10939E-4	2.89484E+2	2.84703E+2	-2.61733E+1	7.01864E-3	3.54110E+4
-2.87268E+0	-2.98506E+0	-2.21719E-4	2.89486E+2	2.84693E+2	-2.61379E+1	7.02013E-3	3.54169E+4
-2.82453E+0	-2.93858E+0	-3.79571E-4	2.89486E+2	2.84666E+2	-2.61312E+1	7.01800E-3	3.54229E+4
-2.77556E+0	-2.89154E+0	-4.14822E-4	2.89486E+2	2.84645E+2	-2.61620E+1	7.01584E-3	3.54289E+4
-2.72629E+0	-2.84030E+0	-3.60654E-4	2.89485E+2	2.84627E+2	-2.61761E+1	7.01511E-3	3.54350E+4
-2.67788E+0	-2.78903E+0	-3.23918E-4	2.89487E+2	2.84624E+2	-2.61627E+1	7.01921E-3	3.54409E+4
-2.60829E+0	-2.71669E+0	1.28888E-4	2.89487E+2	2.84587E+2	-2.61711E+1	7.01468E-3	3.54495E+4
-2.55913E+0	-2.66467E+0	1.43834E-4	2.89487E+2	2.84569E+2	-2.61640E+1	7.01565E-3	3.54555E+4
-2.50720E+0	-2.61692E+0	-3.07524E-4	2.89486E+2	2.84554E+2	-2.61460E+1	7.02023E-3	3.54619E+4
-2.44230E+0	-2.55236E+0	-6.61259E-4	2.89487E+2	2.84538E+2	-2.61289E+1	7.02234E-3	3.54699E+4
-2.39362E+0	-2.50538E+0	-3.57071E-4	2.89487E+2	2.84510E+2	-2.61417E+1	7.01952E-3	3.54759E+4
-2.34513E+0	-2.45844E+0	-9.08211E-5	2.89488E+2	2.84496E+2	-2.61780E+1	7.02152E-3	3.54819E+4
-2.29694E+0	-2.41143E+0	-2.62239E-4	2.89488E+2	2.84483E+2	-2.61805E+1	7.02298E-3	3.54879E+4
-2.24795E+0	-2.36173E+0	-4.33852E-4	2.89488E+2	2.84465E+2	-2.61565E+1	7.02080E-3	3.54939E+4
-2.19873E+0	-2.30997E+0	-5.12620E-4	2.89488E+2	2.84431E+2	-2.61529E+1	7.02128E-3	3.55000E+4
-2.15033E+0	-2.25772E+0	-6.24931E-4	2.89488E+2	2.84387E+2	-2.61812E+1	7.02205E-3	3.55059E+4
-2.10185E+0	-2.20807E+0	-4.55588E-4	2.89490E+2	2.84376E+2	-2.61823E+1	7.02257E-3	3.55119E+4
-2.05267E+0	-2.16371E+0	-2.51261E-4	2.89489E+2	2.84374E+2	-2.61624E+1	7.02222E-3	3.55179E+4
-2.00428E+0	-2.11828E+0	-6.29814E-4	2.89489E+2	2.84357E+2	-2.61569E+1	7.02073E-3	3.55239E+4
-1.95605E+0	-2.06688E+0	-2.71756E-4	2.89489E+2	2.84361E+2	-2.61281E+1	7.01876E-3	3.55299E+4
-1.90707E+0	-2.01505E+0	-1.03711E-4	2.89487E+2	2.84338E+2	-2.61125E+1	7.02159E-3	3.55359E+4
-1.84329E+0	-1.95292E+0	-9.84136E-4	2.89490E+2	2.84302E+2	-2.61144E+1	7.02109E-3	3.55437E+4
-1.79491E+0	-1.90378E+0	-1.06397E-3	2.89490E+2	2.84300E+2	-2.61281E+1	7.02113E-3	3.55497E+4
-1.72966E+0	-1.83783E+0	1.78417E-4	2.89491E+2	2.84279E+2	-2.61389E+1	7.02582E-3	3.55577E+4
-1.68128E+0	-1.78859E+0	-6.30074E-6	2.89491E+2	2.84263E+2	-2.61425E+1	7.02652E-3	3.55637E+4
-1.63059E+0	-1.74049E+0	-2.55634E-4	2.89491E+2	2.84246E+2	-2.61424E+1	7.02343E-3	3.55700E+4
-1.58219E+0	-1.68946E+0	-3.77734E-4	2.89491E+2	2.84222E+2	-2.61327E+1	7.02166E-3	3.55759E+4
-1.53371E+0	-1.63914E+0	-5.84525E-4	2.89492E+2	2.84212E+2	-2.61380E+1	7.02322E-3	3.55819E+4
-1.48450E+0	-1.59238E+0	-1.67905E-4	2.89493E+2	2.84192E+2	-2.61449E+1	7.02391E-3	3.55880E+4
-1.42202E+0	-1.52947E+0	-2.05936E-4	2.89495E+2	2.84162E+2	-2.61396E+1	7.02748E-3	3.55956E+4
-1.34741E+0	-1.45116E+0	-5.50599E-4	2.89494E+2	2.84127E+2	-2.61751E+1	7.02540E-3	3.56048E+4
-1.29708E+0	-1.39803E+0	3.51646E-4	2.89494E+2	2.84104E+2	-2.61774E+1	7.02563E-3	3.56110E+4
-1.22081E+0	-1.32411E+0	2.75658E-4	2.89494E+2	2.84076E+2	-2.61355E+1	7.02602E-3	3.56204E+4
-1.17206E+0	-1.27337E+0	-3.54907E-4	2.89495E+2	2.84045E+2	-2.61401E+1	7.02526E-3	3.56264E+4
-1.11980E+0	-1.22423E+0	1.24310E-4	2.89495E+2	2.84036E+2	-2.61578E+1	7.02818E-3	3.56329E+4
-1.07061E+0	-1.17301E+0	5.39024E-4	2.89494E+2	2.84039E+2	-2.61663E+1	7.02985E-3	3.56389E+4
-1.00538E+0	-1.10680E+0	5.08932E-5	2.89495E+2	2.84024E+2	-2.61443E+1	7.02679E-3	3.56470E+4
-9.56701E-1	-1.05823E+0	-8.39649E-4	2.89496E+2	2.84010E+2	-2.61494E+1	7.02719E-3	3.56530E+4
-8.63473E-1	-9.74536E-1	-1.17250E-5	2.89493E+2	2.83943E+2	-2.61262E+1	7.02015E-3	3.56645E+4
-8.33334E-1	-9.36770E-1	-3.26023E-4	2.89492E+2	2.83913E+2	-2.61534E+1	7.02231E-3	3.56682E+4
-7.70308E-1	-8.75212E-1	-3.97967E-4	2.89489E+2	2.83881E+2	-2.61827E+1	7.02545E-3	3.56759E+4
-7.21857E-1	-8.27523E-1	-6.56110E-5	2.89486E+2	2.83836E+2	-2.61629E+1	7.02516E-3	3.56819E+4
-6.73379E-1	-7.77802E-1	-1.38856E-4	2.89486E+2	2.83817E+2	-2.61492E+1	7.02425E-3	3.56879E+4
-6.24168E-1	-7.26295E-1	2.46108E-4	2.89489E+2	2.83825E+2	-2.61597E+1	7.02437E-3	3.56940E+4
-5.75764E-1	-6.80548E-1	3.18087E-5	2.89493E+2	2.83824E+2	-2.61682E+1	7.02894E-3	3.56999E+4
-5.27578E-1	-6.29164E-1	-2.20937E-4	2.89495E+2	2.83830E+2	-2.61704E+1	7.03079E-3	3.57059E+4
-4.78592E-1	-5.77474E-1	-1.48182E-4	2.89497E+2	2.83852E+2	-2.61607E+1	7.02979E-3	3.57119E+4
-4.29373E-1	-5.32015E-1	1.22659E-5	2.89497E+2	2.83839E+2	-2.61719E+1	7.02785E-3	3.57180E+4
-3.80974E-1	-4.86077E-1	1.98510E-5	2.89495E+2	2.83808E+2	-2.61424E+1	7.02627E-3	3.57239E+4
-3.32493E-1	-4.34457E-1	-3.22765E-4	2.89494E+2	2.83782E+2	-2.61487E+1	7.02788E-3	3.57299E+4
-2.83279E-1	-3.83109E-1	-4.35160E-4	2.89494E+2	2.83749E+2	-2.61790E+1	7.02830E-3	3.57360E+4
-2.34880E-1	-3.36191E-1	-1.24251E-4	2.89493E+2	2.83722E+2	-2.61543E+1	7.02623E-3	3.57419E+4
-1.86562E-1	-2.90602E-1	-2.37051E-5	2.89495E+2	2.83737E+2	-2.61682E+1	7.02519E-3	3.57479E+4
-1.37601E-1	-2.42389E-1	-1.64001E-4	2.89498E+2	2.83762E+2	-2.61763E+1	7.02660E-3	3.57539E+4
-8.87256E-2	-1.92160E-1	-1.52393E-4	2.89504E+2	2.83784E+2	-2.61578E+1	7.02741E-3	3.57599E+4
-3.56914E-2	-1.40580E-1	1.80995E-4	2.89508E+2	2.83807E+2	-2.61900E+1	7.02949E-3	3.57659E+4
1.04697E-4	-8.91800E-2	2.95976E-4	2.89500E+2	2.83738E+2	-2.62130E+1	7.03285E-3	3.57719E+4
3.21542E-4	-2.26864E-2	6.68232E-4	2.89483E+2	2.83594E+2	-2.61500E+1	7.02860E-3	3.57826E+4
1.86956E-2	-3.79765E-3	1.05535E-3	2.89493E+2	2.83658E+2	-2.61475E+1	7.02315E-3	3.57863E+4
8.21918E-2	7.33194E-2	1.56592E-4	2.89515E+2	2.83804E+2	-2.61205E+1	7.02927E-3	3.58005E+4
1.73475E-1	1.62413E-1	2.88826E-4	2.89508E+2	2.83794E+2	-2.61607E+1	7.03316E-3	3.58118E+4
2.33747E-1	1.93446E-1	3.98385E-4	2.89507E+2	2.83778E+2	-2.61534E+1	7.03070E-3	3.58149E+4
2.85303E-1	2.60710E-1	3.76281E-4	2.89506E+2	2.83757E+2	-2.61371E+1	7.02652E-3	3.58229E+4
3.35777E-1	3.12871E-1	2.31843E-4	2.89507E+2	2.83765E+2	-2.61379E+1	7.02564E-3	3.58289E+4
3.86203E-1	3.58220E-1	3.36855E-4	2.89511E+2	2.83788E+2	-2.61613E+1	7.02662E-3	3.58349E+4
4.36015E-1	4.09351E-1	1.96488E-5	2.89515E+2	2.83820E+2	-2.61678E+1	7.02650E-3	3.58409E+4
4.89530E-1	4.61942E-1	3.09400E-5	2.89518E+2	2.83848E+2	-2.61867E+1	7.02223E-3	3.58469E+4
5.37296E-1	5.09233E-1	1.11930E-4	2.89518E+2	2.83869E+2	-2.61901E+1	7.02485E-3	3.58529E+4
5.87646E-1	5.55074E-1	7.28512E-5	2.89518E+2	2.83888E+2	-2.61540E+1	7.02880E-3	3.58589E+4
6.33859E-1	6.01591E-1	1.99439E-4	2.89516E+2	2.83880E+2	-2.61690E+1	7.03327E-3	3.58649E+4
6.99091E-1	6.93474E-1	1.78883E-4	2.89511E+2	2.83869E+2	-2.61563E+1	7.03073E-3	3.58767E+4
7.73293E-1	7.37722E-1	1.80419E-4	2.89514E+2	2.83871E+2	-2.61570E+1	7.02972E-3	3.58802E+4
8.18926E-1	7.91962E-1	-6.97783E-5	2.89518E+2	2.83893E+2	-2.61469E+1	7.02107E-3	3.58879E+4
8.66884E-1	8.44406E-1	-4.87606E-4	2.89520E+2	2.83925E+2	-2.61421E+1	7.02641E-3	3.58940E+4
9.07571E-1	8.93716E-1	-1.03553E-5	2.89523E+2	2.83966E+2	-2.61300E+1	7.02830E-3	3.58999E+4
9.51166E-1	9.38395E-1	4.44429E-4	2.89523E+2	2.84022E+2	-2.61178E+1	7.02778E-3	3.59059E+4
1.01073E+0	1.00187E+0	-3.53266E-4	2.89525E+2	2.84039E+2	-2.61349E+1	7.03084E-3	3.59138E+4
1.08500E+0	1.06926E+0	4.76326E-6	2.89523E+2	2.84060E+2	-2.61399E+1	7.02614E-3	3.59224E+4
1.15235E+0	1.12418E+0	5.04472E-5	2.89522E+2	2.84078E+2	-2.61408E+1	7.02981E-3	3.59291E+4
1.20542E+0	1.17932E+0	-1.58411E-4	2.89522E+2	2.84106E+2	-2.61310E+1	7.02676E-3	3.59360E+4
1.25374E+0	1.23319E+0	-1.15721E-4	2.89521E+2	2.84120E+2	-2.61538E+1	7.02426E-3	3.59419E+4
1.30369E+0	1.28500E+0	-1.60838E-4	2.89521E+2	2.84131E+2	-2.61782E+1	7.02945E-3	3.59479E+4
1.35157E+0	1.33096E+0	1.01832E-4	2.89520E+2	2.84154E+2	-2.61550E+1	7.02855E-3	3.59539E+4
1.38934E+0	1.37739E+0	3.90674E-4	2.89519E+2	2.84169E+2	-2.61565E+1	7.02729E-3	3.59599E+4
1.43275E+0	1.42961E+0	2.69241E-4	2.89519E+2	2.84205E+2	-2.61659E+1	7.02566E-3	3.59659E+4
1.48474E+0	1.48105E+0	4.03356E-4	2.89519E+2	2.84225E+2	-2.61424E+1	7.02934E-3	3.59719E+4
1.55924E+0	1.56818E+0	-3.25663E-4	2.89518E+2	2.84226E+2	-2.62156E+1	7.02632E-3	3.59836E+4
1.61939E+0	1.60743E+0	-1.70990E-4	2.89518E+2	2.84226E+2	-2.61902E+1	7.02625E-3	3.59873E+4
1.66991E+0	1.66426E+0	3.83351E-4	2.89518E+2	2.84265E+2	-2.61541E+1	7.02371E-3	3.59949E+4
1.72067E+0	1.71054E+0	8.05433E-4	2.89517E+2	2.84270E+2	-2.61513E+1	7.01583E-3	3.60010E+4
1.77342E+0	1.76402E+0	5.98027E-4	2.89518E+2	2.84270E+2	-2.61643E+1	7.01537E-3	3.60069E+4
1.82926E+0	1.83025E+0	-4.97209E-4	2.89518E+2	2.84291E+2	-2.61640E+1	7.01762E-3	3.60146E+4
1.88710E+0	1.88719E+0	-9.25465E-4	2.89516E+2	2.84310E+2	-2.61456E+1	7.01940E-3	3.60224E+4
1.95600E+0	1.94079E+0	-5.46994E-4	2.89516E+2	2.84346E+2	-2.61379E+1	7.02366E-3	3.60286E+4
2.00977E+0	1.99910E+0	-1.36652E-4	2.89516E+2	2.84370E+2	-2.61274E+1	7.02207E-3	3.60359E+4
2.05973E+0	2.04590E+0	5.19867E-5	2.89517E+2	2.84383E+2	-2.61048E+1	7.02240E-3	3.60420E+4
2.10996E+0	2.09796E+0	-4.65643E-4	2.89516E+2	2.84409E+2	-2.61319E+1	7.01754E-3	3.60479E+4
2.15787E+0	2.15040E+0	-3.84167E-4	2.89516E+2	2.84425E+2	-2.61769E+1	7.02219E-3	3.60539E+4
2.20420E+0	2.19695E+0	-1.94807E-4	2.89516E+2	2.84421E+2	-2.61508E+1	7.02159E-3	3.60599E+4
2.26710E+0	2.25764E+0	1.84748E-4	2.89516E+2	2.84427E+2	-2.61454E+1	7.02185E-3	3.60680E+4
2.31756E+0	2.30602E+0	6.39346E-4	2.89515E+2	2.84470E+2	-2.61409E+1	7.02190E-3	3.60740E+4
2.36533E+0	2.35501E+0	2.52798E-4	2.89515E+2	2.84503E+2	-2.61232E+1	7.01962E-3	3.60799E+4
2.41944E+0	2.41876E+0	-2.85931E-4	2.89516E+2	2.84508E+2	-2.61226E+1	7.01635E-3	3.60878E+4
2.49535E+0	2.48676E+0	2.66967E-4	2.89515E+2	2.84511E+2	-2.61019E+1	7.02074E-3	3.60951E+4
2.54256E+0	2.54234E+0	5.22858E-4	2.89514E+2	2.84539E+2	-2.61254E+1	7.01375E-3	3.61020E+4
2.60102E+0	2.60036E+0	-1.30058E-4	2.89514E+2	2.84589E+2	-2.61180E+1	7.01821E-3	3.61100E+4
2.66297E+0	2.64817E+0	1.76791E-4	2.89514E+2	2.84608E+2	-2.61148E+1	7.02802E-3	3.61160E+4
2.70422E+0	2.70817E+0	5.81456E-4	2.89513E+2	2.84613E+2	-2.61677E+1	7.02095E-3	3.61229E+4
2.75030E+0	2.75879E+0	5.68142E-5	2.89513E+2	2.84620E+2	-2.61631E+1	7.02299E-3	3.61289E+4
2.80071E+0	2.80502E+0	-9.70545E-5	2.89514E+2	2.84643E+2	-2.61135E+1	7.02442E-3	3.61349E+4
2.84905E+0	2.85217E+0	-4.41866E-4	2.89512E+2	2.84653E+2	-2.61445E+1	7.02057E-3	3.61409E+4
2.90078E+0	2.90470E+0	-4.35208E-4	2.89512E+2	2.84672E+2	-2.61536E+1	7.01946E-3	3.61469E+4
2.95019E+0	2.95452E+0	-1.01908E-4	2.89512E+2	2.84693E+2	-2.61477E+1	7.01827E-3	3.61529E+4
3.00070E+0	2.99977E+0	3.30110E-5	2.89513E+2	2.84708E+2	-2.61455E+1	7.02107E-3	3.61589E+4
3.05067E+0	3.04606E+0	3.32849E-4	2.89513E+2	2.84729E+2	-2.61173E+1	7.01718E-3	3.61649E+4
3.10217E+0	3.09661E+0	4.47460E-4	2.89512E+2	2.84759E+2	-2.60968E+1	7.01961E-3	3.61709E+4
3.14798E+0	3.14767E+0	1.45453E-4	2.89513E+2	2.84775E+2	-2.61266E+1	7.02110E-3	3.61769E+4
3.19621E+0	3.19263E+0	6.29302E-5	2.89513E+2	2.84767E+2	-2.61786E+1	7.01295E-3	3.61829E+4
3.24229E+0	3.24293E+0	1.02550E-4	2.89512E+2	2.84783E+2	-2.61536E+1	7.01652E-3	3.61889E+4
3.28346E+0	3.29282E+0	7.23249E-5	2.89511E+2	2.84822E+2	-2.61125E+1	7.02009E-3	3.61950E+4
3.32876E+0	3.34250E+0	-1.03743E-5	2.89511E+2	2.84843E+2	-2.61111E+1	7.02012E-3	3.62009E+4
3.39943E+0	3.40678E+0	1.10760E-5	2.89511E+2	2.84859E+2	-2.61581E+1	7.01495E-3	3.62086E+4
3.45197E+0	3.45231E+0	-2.54470E-5	2.89511E+2	2.84887E+2	-2.61634E+1	7.01450E-3	3.62146E+4
3.51538E+0	3.52366E+0	-2.59621E-4	2.89510E+2	2.84891E+2	-2.61395E+1	7.01569E-3	3.62235E+4
3.56812E+0	3.57461E+0	-3.85898E-4	2.89510E+2	2.84900E+2	-2.61365E+1	7.01302E-3	3.62296E+4
3.61731E+0	3.62459E+0	-1.51794E-4	2.89511E+2	2.84932E+2	-2.61414E+1	7.01817E-3	3.62360E+4
3.66718E+0	3.67120E+0	6.04786E-5	2.89510E+2	2.84942E+2	-2.61562E+1	7.01719E-3	3.62420E+4
3.72417E+0	3.73437E+0	-4.69635E-4	2.89510E+2	2.84960E+2	-2.61138E+1	7.01316E-3	3.62496E+4
3.80326E+0	3.80970E+0	-2.18964E-4	2.89510E+2	2.84969E+2	-2.60859E+1	7.01520E-3	3.62581E+4
3.87665E+0	3.88394E+0	-3.98906E-4	2.89589E+2	2.84987E+2	-2.61152E+1	7.01831E-3	3.62675E+4
3.95548E+0	3.96216E+0	-1.49622E-4	2.90509E+2	2.85027E+2	-2.61035E+1	7.01776E-3	3.62771E+4
3.99996E+0	4.01552E+0	1.68115E-4	2.91381E+2	2.85059E+2	-2.61068E+1	7.01215E-3	3.62836E+4
4.07298E+0	4.07520E+0	6.24939E-4	2.92206E+2	2.85097E+2	-2.61325E+1	7.01810E-3	3.62918E+4
4.11282E+0	4.12426E+0	8.72389E-4	2.92550E+2	2.85125E+2	-2.61364E+1	7.02080E-3	3.62978E+4
4.15684E+0	4.17664E+0	4.40181E-4	2.92805E+2	2.85168E+2	-2.61327E+1	7.02459E-3	3.63039E+4
4.23423E+0	4.23986E+0	-1.10433E-4	2.93123E+2	2.85234E+2	-2.61375E+1	7.01976E-3	3.63120E+4
4.27360E+0	4.28821E+0	1.24860E-4	2.93296E+2	2.85275E+2	-2.61399E+1	7.01559E-3	3.63180E+4
4.31947E+0	4.33512E+0	5.70924E-4	2.93464E+2	2.85320E+2	-2.61264E+1	7.01556E-3	3.63239E+4
4.36936E+0	4.38171E+0	3.77213E-4	2.93618E+2	2.85372E+2	-2.61083E+1	7.02153E-3	3.63300E+4
4.41984E+0	4.42892E+0	4.53273E-5	2.93744E+2	2.85427E+2	-2.61344E+1	7.02155E-3	3.63359E+4
4.46953E+0	4.47642E+0	1.78153E-4	2.93853E+2	2.85501E+2	-2.61411E+1	7.01472E-3	3.63419E+4
4.53076E+0	4.53942E+0	1.41425E-4	2.93985E+2	2.85594E+2	-2.61263E+1	7.01712E-3	3.63499E+4
4.58205E+0	4.58682E+0	3.94936E-4	2.94072E+2	2.85663E+2	-2.61381E+1	7.01964E-3	3.63559E+4
4.64176E+0	4.65447E+0	5.74098E-4	2.94170E+2	2.85719E+2	-2.61207E+1	7.01665E-3	3.63639E+4
4.70664E+0	4.71026E+0	1.69531E-4	2.94241E+2	2.85761E+2	-2.61149E+1	7.01310E-3	3.63700E+4
4.75953E+0	4.76386E+0	-4.03849E-4	2.94313E+2	2.85849E+2	-2.61352E+1	7.01459E-3	3.63769E+4
4.80761E+0	4.81189E+0	-3.53754E-4	2.94375E+2	2.85936E+2	-2.61375E+1	7.01133E-3	3.63829E+4
4.85811E+0	4.85938E+0	1.54454E-4	2.94430E+2	2.86011E+2	-2.61288E+1	7.01688E-3	3.63889E+4
4.91871E+0	4.92720E+0	1.31455E-4	2.94489E+2	2.86098E+2	-2.61399E+1	7.02290E-3	3.63973E+4
4.96576E+0	4.97451E+0	6.98324E-6	2.94533E+2	2.86182E+2	-2.61228E+1	7.01492E-3	3.64034E+4
4.99668E+0	4.99935E+0	-4.50579E-4	2.94584E+2	2.86266E+2	-2.60967E+1	7.01518E-3	3.64119E+4
4.99656E+0	5.00000E+0	-8.34043E-4	2.94636E+2	2.86318E+2	-2.61470E+1	7.01035E-3	3.64243E+4
4.90828E+0	4.96591E+0	8.02462E-4	2.94685E+2	2.86409E+2	-2.61285E+1	7.01689E-3	3.64379E+4
4.85979E+0	4.93330E+0	7.48317E-4	2.94701E+2	2.86475E+2	-2.61212E+1	7.00999E-3	3.64404E+4
4.80790E+0	4.88490E+0	5.11662E-4	2.94721E+2	2.86520E+2	-2.61030E+1	7.01479E-3	3.64469E+4
4.74957E+0	4.82265E+0	3.74729E-5	2.94741E+2	2.86543E+2	-2.61555E+1	7.01513E-3	3.64549E+4
4.69818E+0	4.77416E+0	-2.10128E-4	2.94755E+2	2.86590E+2	-2.61409E+1	7.01744E-3	3.64610E+4
4.64711E+0	4.72154E+0	1.24936E-4	2.94767E+2	2.86619E+2	-2.61095E+1	7.01410E-3	3.64669E+4
4.59733E+0	4.66941E+0	7.98719E-4	2.94780E+2	2.86657E+2	-2.60998E+1	7.02414E-3	3.64729E+4
4.54645E+0	4.62450E+0	5.79420E-4	2.94790E+2	2.86723E+2	-2.60985E+1	7.01709E-3	3.64789E+4
4.49917E+0	4.57899E+0	3.47310E-5	2.94798E+2	2.86731E+2	-2.61306E+1	7.01958E-3	3.64848E+4
4.45155E+0	4.52605E+0	-3.09253E-4	2.94809E+2	2.86749E+2	-2.61404E+1	7.00815E-3	3.64909E+4
4.40415E+0	4.47774E+0	-2.74587E-4	2.94812E+2	2.86778E+2	-2.61336E+1	7.02186E-3	3.64970E+4
4.35523E+0	4.43322E+0	-1.05861E-4	2.94817E+2	2.86814E+2	-2.61554E+1	7.01714E-3	3.65029E+4
4.31487E+0	4.38611E+0	-1.82679E-4	2.94824E+2	2.86860E+2	-2.61229E+1	7.01715E-3	3.65089E+4
4.26879E+0	4.33591E+0	-5.67122E-5	2.94828E+2	2.86899E+2	-2.60932E+1	7.02128E-3	3.65150E+4
4.21899E+0	4.28719E+0	1.93659E-4	2.94832E+2	2.86910E+2	-2.61162E+1	7.01934E-3	3.65209E+4
4.16994E+0	4.24109E+0	3.54553E-4	2.94836E+2	2.86950E+2	-2.61208E+1	7.01719E-3	3.65269E+4
4.11932E+0	4.19456E+0	2.72970E-4	2.94837E+2	2.86979E+2	-2.61105E+1	7.01460E-3	3.65329E+4
4.06859E+0	4.14664E+0	-6.71815E-5	2.94839E+2	2.87020E+2	-2.61115E+1	7.01429E-3	3.65389E+4
4.01859E+0	4.09726E+0	1.24645E-4	2.94840E+2	2.87061E+2	-2.61390E+1	7.01361E-3	3.65449E+4
3.95726E+0	4.01291E+0	4.50772E-4	2.94839E+2	2.87089E+2	-2.61715E+1	7.01597E-3	3.65561E+4
3.84906E+0	3.90386E+0	-1.75830E-6	2.94839E+2	2.87141E+2	-2.61229E+1	7.01911E-3	3.65696E+4
3.80149E+0	3.86858E+0	-2.13399E-4	2.94839E+2	2.87187E+2	-2.61021E+1	7.01639E-3	3.65726E+4
3.72959E+0	3.80348E+0	-1.83435E-4	2.94836E+2	2.87239E+2	-2.61169E+1	7.02209E-3	3.65810E+4
3.66787E+0	3.74192E+0	-1.05260E-4	2.94834E+2	2.87253E+2	-2.61635E+1	7.01173E-3	3.65887E+4
3.61283E+0	3.69432E+0	-2.38765E-4	2.94832E+2	2.87283E+2	-2.61661E+1	7.01532E-3	3.65946E+4
3.56646E+0	3.64646E+0	-1.63098E-4	2.94828E+2	2.87300E+2	-2.61206E+1	7.02603E-3	3.66009E+4
3.52598E+0	3.59636E+0	1.23730E-4	2.94825E+2	2.87320E+2	-2.60883E+1	7.02463E-3	3.66069E+4
3.48039E+0	3.54738E+0	2.81295E-4	2.94824E+2	2.87341E+2	-2.61010E+1	7.02288E-3	3.66129E+4
3.43274E+0	3.50171E+0	4.36326E-4	2.94820E+2	2.87358E+2	-2.61292E+1	7.02185E-3	3.66189E+4
3.38131E+0	3.45131E+0	6.60154E-4	2.94816E+2	2.87365E+2	-2.61369E+1	7.02203E-3	3.66249E+4
3.33185E+0	3.40210E+0	3.50165E-4	2.94813E+2	2.87377E+2	-2.61451E+1	7.02010E-3	3.66310E+4
3.27982E+0	3.35765E+0	-2.74577E-5	2.94810E+2	2.87413E+2	-2.61358E+1	7.02365E-3	3.66369E+4
3.23053E+0	3.30714E+0	1.34482E-4	2.94806E+2	2.87441E+2	-2.60923E+1	7.02311E-3	3.66429E+4
3.18201E+0	3.25329E+0	2.87259E-4	2.94801E+2	2.87466E+2	-2.61001E+1	7.02257E-3	3.66489E+4
3.13060E+0	3.20565E+0	2.16541E-4	2.94797E+2	2.87472E+2	-2.61299E+1	7.02109E-3	3.66549E+4
3.08157E+0	3.15982E+0	1.71378E-4	2.94794E+2	2.87471E+2	-2.61186E+1	7.02815E-3	3.66609E+4
3.03053E+0	3.10935E+0	1.52791E-4	2.94790E+2	2.87494E+2	-2.61241E+1	7.02061E-3	3.66669E+4
2.98404E+0	3.05896E+0	-5.83383E-5	2.94782E+2	2.87522E+2	-2.61050E+1	7.02457E-3	3.66730E+4
2.93701E+0	3.01306E+0	1.25980E-4	2.94778E+2	2.87540E+2	-2.60622E+1	7.02027E-3	3.66789E+4
2.89029E+0	2.96670E+0	-1.43680E-4	2.94774E+2	2.87567E+2	-2.60611E+1	7.02908E-3	3.66849E+4
2.84886E+0	2.91465E+0	-2.39884E-4	2.94769E+2	2.87577E+2	-2.60705E+1	7.02228E-3	3.66910E+4
2.80142E+0	2.86230E+0	-1.74133E-4	2.94765E+2	2.87559E+2	-2.60900E+1	7.01852E-3	3.66969E+4
2.72128E+0	2.77028E+0	-7.20380E-4	2.94754E+2	2.87620E+2	-2.61246E+1	7.02414E-3	3.67096E+4
2.66655E+0	2.73217E+0	-3.34679E-4	2.94752E+2	2.87612E+2	-2.61245E+1	7.02458E-3	3.67131E+4
2.61856E+0	2.67792E+0	2.98302E-5	2.94748E+2	2.87614E+2	-2.61197E+1	7.02543E-3	3.67199E+4
2.56603E+0	2.62702E+0	-1.21889E-5	2.94741E+2	2.87614E+2	-2.61104E+1	7.02429E-3	3.67259E+4
2.51571E+0	2.58083E+0	3.02751E-4	2.94737E+2	2.87618E+2	-2.61117E+1	7.02370E-3	3.67319E+4
2.46235E+0	2.53299E+0	2.58753E-4	2.94732E+2	2.87644E+2	-2.61018E+1	7.02658E-3	3.67380E+4
2.41388E+0	2.48615E+0	-1.95738E-4	2.94728E+2	2.87650E+2	-2.60955E+1	7.02762E-3	3.67439E+4
2.36079E+0	2.43564E+0	-1.38120E-4	2.94724E+2	2.87666E+2	-2.61021E+1	7.02615E-3	3.67499E+4
2.31028E+0	2.37349E+0	3.00589E-4	2.94717E+2	2.87656E+2	-2.61066E+1	7.02827E-3	3.67576E+4
2.24280E+0	2.32220E+0	6.94726E-5	2.94711E+2	2.87677E+2	-2.60854E+1	7.03342E-3	3.67637E+4
2.18001E+0	2.23900E+0	-5.85864E-4	2.94706E+2	2.87681E+2	-2.61290E+1	7.02742E-3	3.67736E+4
2.13344E+0	2.18721E+0	-4.59770E-4	2.94700E+2	2.87685E+2	-2.61358E+1	7.03359E-3	3.67796E+4
2.08701E+0	2.13851E+0	-7.53528E-5	2.94694E+2	2.87694E+2	-2.61160E+1	7.02943E-3	3.67859E+4
2.03480E+0	2.09249E+0	1.56534E-4	2.94690E+2	2.87723E+2	-2.61058E+1	7.02420E-3	3.67919E+4
1.98477E+0	2.04662E+0	2.50983E-4	2.94686E+2	2.87721E+2	-2.61012E+1	7.02488E-3	3.67980E+4
1.93346E+0	1.99619E+0	1.04219E-4	2.94681E+2	2.87699E+2	-2.61179E+1	7.02506E-3	3.68039E+4
1.88505E+0	1.94562E+0	1.20966E-4	2.94677E+2	2.87715E+2	-2.61289E+1	7.02532E-3	3.68099E+4
1.82483E+0	1.87921E+0	-2.39312E-5	2.94670E+2	2.87708E+2	-2.61094E+1	7.02350E-3	3.68181E+4
1.75356E+0	1.81415E+0	-8.01389E-5	2.94666E+2	2.87722E+2	-2.61234E+1	7.02527E-3	3.68261E+4
1.68609E+0	1.75949E+0	-1.48207E-4	2.94661E+2	2.87736E+2	-2.61293E+1	7.02683E-3	3.68327E+4
1.63976E+0	1.70348E+0	-3.96953E-4	2.94657E+2	2.87749E+2	-2.61166E+1	7.02546E-3	3.68400E+4
1.59079E+0	1.65577E+0	-4.17778E-4	2.94653E+2	2.87763E+2	-2.61077E+1	7.02239E-3	3.68459E+4
1.54383E+0	1.60231E+0	1.72876E-4	2.94649E+2	2.87767E+2	-2.60903E+1	7.02412E-3	3.68519E+4
1.45696E+0	1.49224E+0	-4.22729E-4	2.94642E+2	2.87751E+2	-2.60999E+1	7.02947E-3	3.68664E+4
1.40443E+0	1.46113E+0	1.01432E-4	2.94641E+2	2.87760E+2	-2.61169E+1	7.02608E-3	3.68687E+4
1.36417E+0	1.41280E+0	7.73169E-4	2.94638E+2	2.87769E+2	-2.61366E+1	7.02594E-3	3.68749E+4
1.31744E+0	1.36751E+0	1.18812E-4	2.94633E+2	2.87760E+2	-2.61250E+1	7.02110E-3	3.68809E+4
1.25653E+0	1.30436E+0	-3.50308E-4	2.94630E+2	2.87727E+2	-2.61155E+1	7.02750E-3	3.68887E+4
1.18673E+0	1.25089E+0	-1.28000E-4	2.94625E+2	2.87746E+2	-2.61073E+1	7.02515E-3	3.68947E+4
1.13699E+0	1.19489E+0	1.40857E-4	2.94621E+2	2.87761E+2	-2.60859E+1	7.02778E-3	3.69019E+4
1.07155E+0	1.12016E+0	-3.79970E-4	2.94615E+2	2.87766E+2	-2.60930E+1	7.02585E-3	3.69108E+4
1.00655E+0	1.05165E+0	-2.46474E-5	2.94612E+2	2.87756E+2	-2.60920E+1	7.02281E-3	3.69194E+4
9.39960E-1	1.00133E+0	1.41017E-4	2.94607E+2	2.87730E+2	-2.60995E+1	7.02224E-3	3.69255E+4
8.76690E-1	9.05659E-1	4.51234E-4	2.94597E+2	2.87734E+2	-2.61148E+1	7.02155E-3	3.69381E+4
7.99866E-1	8.42987E-1	4.07439E-5	2.94589E+2	2.87690E+2	-2.60972E+1	7.01868E-3	3.69443E+4
7.46202E-1	7.87726E-1	3.98932E-7	2.94583E+2	2.87676E+2	-2.61133E+1	7.01626E-3	3.69519E+4
6.94357E-1	7.40579E-1	3.73313E-4	2.94582E+2	2.87680E+2	-2.61381E+1	7.01440E-3	3.69579E+4
6.46275E-1	6.86778E-1	-4.66503E-5	2.94586E+2	2.87708E+2	-2.61220E+1	7.01443E-3	3.69639E+4
5.96771E-1	6.35145E-1	-6.47186E-4	2.94586E+2	2.87743E+2	-2.61041E+1	7.01856E-3	3.69700E+4
5.40103E-1	5.78592E-1	1.40674E-4	2.94582E+2	2.87740E+2	-2.61172E+1	7.01464E-3	3.69777E+4
4.71999E-1	5.30069E-1	6.34635E-4	2.94579E+2	2.87756E+2	-2.60927E+1	7.02379E-3	3.69836E+4
4.08271E-1	4.53953E-1	3.32599E-4	2.94574E+2	2.87727E+2	-2.61041E+1	7.02349E-3	3.69929E+4
3.60431E-1	4.00094E-1	-8.04085E-5	2.94569E+2	2.87687E+2	-2.61208E+1	7.01510E-3	3.69989E+4
3.07241E-1	3.49616E-1	-4.86845E-5	2.94567E+2	2.87688E+2	-2.61192E+1	7.01404E-3	3.70049E+4
2.60209E-1	3.05525E-1	2.97991E-6	2.94567E+2	2.87720E+2	-2.61489E+1	7.01517E-3	3.70110E+4
2.13071E-1	2.59937E-1	-9.76676E-5	2.94567E+2	2.87716E+2	-2.61445E+1	7.01802E-3	3.70169E+4
1.64302E-1	2.07341E-1	-3.74124E-4	2.94568E+2	2.87735E+2	-2.60866E+1	7.01655E-3	3.70229E+4
1.18785E-1	1.57100E-1	-3.02128E-4	2.94572E+2	2.87812E+2	-2.61024E+1	7.01792E-3	3.70289E+4
7.80611E-2	1.10923E-1	1.98262E-4	2.94567E+2	2.87793E+2	-2.61162E+1	7.01496E-3	3.70350E+4
3.43602E-2	6.32313E-2	-2.19681E-4	2.94552E+2	2.87684E+2	-2.61113E+1	7.01619E-3	3.70409E+4
0.00000E+0	2.20407E-2	-1.74159E-4	2.94542E+2	2.87598E+2	-2.61159E+1	7.01145E-3	3.70469E+4
