B_digital_(T)	B_analog_(T)	moment_(emu)	T_VTI_(K)	T_sample_(K)	sense_phase	sense_amplitude	Time
0.00000E+0	-1.23416E-3	-8.64716E-5	2.99507E+2	2.93078E+2	-2.61400E+1	7.20452E-3	4.79754E+4
0.00000E+0	-8.06041E-4	6.42579E-5	2.99509E+2	2.93091E+2	-2.61456E+1	7.20130E-3	4.79776E+4
1.43045E-2	5.35007E-3	8.37487E-5	2.99517E+2	2.93163E+2	-2.61404E+1	7.19945E-3	4.79836E+4
5.17599E-2	3.09888E-2	-1.96018E-4	2.99529E+2	2.93246E+2	-2.61283E+1	7.19936E-3	4.79896E+4
9.66851E-2	7.71449E-2	-1.67078E-4	2.99536E+2	2.93288E+2	-2.61326E+1	7.19962E-3	4.79956E+4
1.48081E-1	1.23439E-1	-1.76519E-4	2.99530E+2	2.93274E+2	-2.61351E+1	7.20565E-3	4.80016E+4
1.98612E-1	1.69873E-1	6.29925E-6	2.99525E+2	2.93246E+2	-2.61254E+1	7.19817E-3	4.80076E+4
2.47478E-1	2.23241E-1	6.32256E-5	2.99522E+2	2.93234E+2	-2.61414E+1	7.19458E-3	4.80135E+4
3.00022E-1	2.74310E-1	2.18284E-4	2.99519E+2	2.93232E+2	-2.61580E+1	7.19836E-3	4.80196E+4
3.50230E-1	3.19833E-1	3.84531E-4	2.99520E+2	2.93252E+2	-2.61506E+1	7.19906E-3	4.80256E+4
4.00782E-1	3.66913E-1	-3.75010E-5	2.99522E+2	2.93252E+2	-2.61370E+1	7.19408E-3	4.80316E+4
4.50879E-1	4.18713E-1	-4.49953E-4	2.99525E+2	2.93273E+2	-2.61265E+1	7.19571E-3	4.80376E+4
4.97513E-1	4.71113E-1	-1.84998E-4	2.99527E+2	2.93303E+2	-2.61488E+1	7.19130E-3	4.80436E+4
5.36893E-1	5.17947E-1	8.18341E-5	2.99526E+2	2.93311E+2	-2.61668E+1	7.19897E-3	4.80496E+4
5.80178E-1	5.62294E-1	-1.78577E-4	2.99526E+2	2.93304E+2	-2.61572E+1	7.19366E-3	4.80556E+4
6.29370E-1	6.13039E-1	-1.05998E-4	2.99524E+2	2.93303E+2	-2.61315E+1	7.19142E-3	4.80616E+4
6.82123E-1	6.64049E-1	-2.05554E-4	2.99520E+2	2.93297E+2	-2.61360E+1	7.19776E-3	4.80676E+4
7.32650E-1	7.09315E-1	-5.50982E-5	2.99519E+2	2.93297E+2	-2.61213E+1	7.19318E-3	4.80736E+4
7.84202E-1	7.60756E-1	-3.87160E-5	2.99522E+2	2.93318E+2	-2.61197E+1	7.19610E-3	4.80795E+4
8.36381E-1	8.12082E-1	1.70501E-4	2.99527E+2	2.93365E+2	-2.61367E+1	7.19361E-3	4.80856E+4
8.83358E-1	8.58636E-1	4.72219E-4	2.99526E+2	2.93388E+2	-2.61400E+1	7.19392E-3	4.80916E+4
9.34555E-1	9.05824E-1	2.13798E-4	2.99527E+2	2.93416E+2	-2.61463E+1	7.19314E-3	4.80976E+4
9.81415E-1	9.53599E-1	-1.57640E-5	2.99528E+2	2.93424E+2	-2.61506E+1	7.19337E-3	4.81036E+4
1.02764E+0	1.00070E+0	-2.95732E-4	2.99527E+2	2.93408E+2	-2.61406E+1	7.19604E-3	4.81096E+4
1.06704E+0	1.05072E+0	-3.06212E-4	2.99527E+2	2.93412E+2	-2.61432E+1	7.19719E-3	4.81155E+4
1.11233E+0	1.10112E+0	-1.96288E-4	2.99526E+2	2.93424E+2	-2.61235E+1	7.19472E-3	4.81215E+4
1.16576E+0	1.14689E+0	3.78115E-4	2.99526E+2	2.93433E+2	-2.61411E+1	7.19668E-3	4.81276E+4
1.21686E+0	1.20010E+0	3.22279E-4	2.99525E+2	2.93447E+2	-2.61957E+1	7.19848E-3	4.81336E+4
1.26656E+0	1.25018E+0	1.32765E-4	2.99523E+2	2.93464E+2	-2.61654E+1	7.19248E-3	4.81396E+4
1.31713E+0	1.29550E+0	3.26618E-4	2.99523E+2	2.93462E+2	-2.61376E+1	7.19270E-3	4.81456E+4
1.36992E+0	1.35771E+0	-2.30855E-4	2.99524E+2	2.93476E+2	-2.61325E+1	7.19686E-3	4.81533E+4
1.42600E+0	1.40553E+0	-3.08250E-4	2.99522E+2	2.93483E+2	-2.61268E+1	7.19355E-3	4.81592E+4
1.47926E+0	1.45906E+0	-2.81769E-4	2.99521E+2	2.93478E+2	-2.61103E+1	7.19421E-3	4.81656E+4
1.52833E+0	1.50955E+0	-4.16440E-5	2.99522E+2	2.93478E+2	-2.61036E+1	7.19818E-3	4.81716E+4
1.57917E+0	1.55492E+0	3.87318E-4	2.99520E+2	2.93494E+2	-2.61378E+1	7.19331E-3	4.81776E+4
1.62725E+0	1.60560E+0	4.57019E-4	2.99516E+2	2.93527E+2	-2.61606E+1	7.19456E-3	4.81836E+4
1.67286E+0	1.65825E+0	2.77687E-4	2.99517E+2	2.93546E+2	-2.61476E+1	7.18888E-3	4.81896E+4
1.71300E+0	1.70493E+0	2.16288E-5	2.99516E+2	2.93552E+2	-2.61213E+1	7.19205E-3	4.81956E+4
1.75971E+0	1.75068E+0	1.18629E-4	2.99516E+2	2.93559E+2	-2.61213E+1	7.19586E-3	4.82016E+4
1.81914E+0	1.81212E+0	7.41355E-4	2.99516E+2	2.93548E+2	-2.61356E+1	7.19467E-3	4.82090E+4
1.88486E+0	1.87335E+0	2.03816E-4	2.99517E+2	2.93558E+2	-2.61192E+1	7.19439E-3	4.82160E+4
1.93991E+0	1.92960E+0	-2.49917E-4	2.99517E+2	2.93566E+2	-2.61192E+1	7.19205E-3	4.82224E+4
1.98721E+0	1.97951E+0	-8.43694E-5	2.99515E+2	2.93563E+2	-2.61648E+1	7.19288E-3	4.82286E+4
2.03810E+0	2.02512E+0	-1.59772E-4	2.99513E+2	2.93591E+2	-2.61505E+1	7.19556E-3	4.82346E+4
2.08452E+0	2.07056E+0	-2.20512E-5	2.99514E+2	2.93597E+2	-2.61096E+1	7.19849E-3	4.82406E+4
2.13302E+0	2.11768E+0	4.62181E-4	2.99515E+2	2.93603E+2	-2.61168E+1	7.19392E-3	4.82465E+4
2.18010E+0	2.16908E+0	5.19291E-4	2.99515E+2	2.93607E+2	-2.61294E+1	7.19548E-3	4.82526E+4
2.22111E+0	2.22069E+0	-3.52411E-5	2.99514E+2	2.93615E+2	-2.61265E+1	7.19764E-3	4.82586E+4
2.26481E+0	2.26838E+0	-8.71844E-5	2.99514E+2	2.93625E+2	-2.61234E+1	7.19458E-3	4.82646E+4
2.31675E+0	2.31574E+0	-1.35666E-4	2.99516E+2	2.93626E+2	-2.61267E+1	7.19090E-3	4.82706E+4
2.36625E+0	2.36278E+0	-2.05384E-4	2.99516E+2	2.93619E+2	-2.61250E+1	7.19466E-3	4.82766E+4
2.41659E+0	2.41335E+0	-2.42396E-5	2.99515E+2	2.93621E+2	-2.61219E+1	7.19684E-3	4.82826E+4
2.46692E+0	2.46572E+0	5.82583E-5	2.99515E+2	2.93636E+2	-2.61114E+1	7.18991E-3	4.82885E+4
2.51688E+0	2.51286E+0	1.98634E-6	2.99515E+2	2.93662E+2	-2.61142E+1	7.19072E-3	4.82946E+4
2.56865E+0	2.55769E+0	-1.09463E-4	2.99515E+2	2.93679E+2	-2.61132E+1	7.19351E-3	4.83006E+4
2.61933E+0	2.60720E+0	-1.48907E-4	2.99514E+2	2.93675E+2	-2.61151E+1	7.19363E-3	4.83066E+4
2.66511E+0	2.66115E+0	1.28037E-4	2.99513E+2	2.93684E+2	-2.61307E+1	7.19322E-3	4.83126E+4
2.71280E+0	2.70853E+0	3.97392E-4	2.99513E+2	2.93703E+2	-2.61601E+1	7.19147E-3	4.83186E+4
2.75178E+0	2.75447E+0	2.88609E-5	2.99512E+2	2.93709E+2	-2.61190E+1	7.19231E-3	4.83246E+4
2.79711E+0	2.80496E+0	-1.86742E-4	2.99511E+2	2.93721E+2	-2.60875E+1	7.19646E-3	4.83306E+4
2.84937E+0	2.85538E+0	-1.07899E-4	2.99510E+2	2.93736E+2	-2.61119E+1	7.19452E-3	4.83366E+4
2.89954E+0	2.90271E+0	-1.21544E-4	2.99511E+2	2.93749E+2	-2.61101E+1	7.19218E-3	4.83426E+4
2.95071E+0	2.94934E+0	-8.43718E-6	2.99513E+2	2.93747E+2	-2.61323E+1	7.18909E-3	4.83486E+4
2.99947E+0	3.00021E+0	-1.74436E-4	2.99512E+2	2.93753E+2	-2.61604E+1	7.19271E-3	4.83546E+4
3.05165E+0	3.05159E+0	-1.36139E-4	2.99511E+2	2.93746E+2	-2.61622E+1	7.19727E-3	4.83606E+4
3.10133E+0	3.09758E+0	-1.70482E-4	2.99510E+2	2.93763E+2	-2.61372E+1	7.19453E-3	4.83666E+4
3.15011E+0	3.14345E+0	2.01082E-4	2.99510E+2	2.93796E+2	-2.61306E+1	7.19315E-3	4.83726E+4
3.19717E+0	3.19361E+0	2.40067E-4	2.99509E+2	2.93806E+2	-2.61450E+1	7.18858E-3	4.83786E+4
3.24638E+0	3.24572E+0	1.26527E-5	2.99507E+2	2.93800E+2	-2.61403E+1	7.19348E-3	4.83846E+4
3.28412E+0	3.29255E+0	-1.59734E-4	2.99507E+2	2.93831E+2	-2.61229E+1	7.19344E-3	4.83906E+4
3.32976E+0	3.33824E+0	-5.62058E-4	2.99507E+2	2.93843E+2	-2.61549E+1	7.18880E-3	4.83966E+4
3.37992E+0	3.38917E+0	-7.49517E-4	2.99507E+2	2.93835E+2	-2.61597E+1	7.18697E-3	4.84026E+4
3.43004E+0	3.44030E+0	-3.38863E-4	2.99506E+2	2.93857E+2	-2.61257E+1	7.19260E-3	4.84086E+4
3.48022E+0	3.48446E+0	3.59945E-4	2.99506E+2	2.93873E+2	-2.61448E+1	7.19252E-3	4.84146E+4
3.53068E+0	3.53474E+0	3.85838E-4	2.99506E+2	2.93884E+2	-2.61618E+1	7.18286E-3	4.84206E+4
3.58375E+0	3.58672E+0	3.87309E-4	2.99507E+2	2.93908E+2	-2.61277E+1	7.18566E-3	4.84266E+4
3.63230E+0	3.63229E+0	1.87353E-4	2.99506E+2	2.93919E+2	-2.61367E+1	7.18400E-3	4.84326E+4
3.68377E+0	3.69102E+0	4.06768E-4	2.99506E+2	2.93920E+2	-2.61225E+1	7.19186E-3	4.84396E+4
3.73118E+0	3.74120E+0	5.01318E-4	2.99506E+2	2.93924E+2	-2.60938E+1	7.19490E-3	4.84456E+4
3.78776E+0	3.79042E+0	5.88725E-5	2.99507E+2	2.93943E+2	-2.60969E+1	7.19475E-3	4.84523E+4
3.84294E+0	3.83960E+0	3.47621E-5	2.99506E+2	2.93938E+2	-2.61135E+1	7.18888E-3	4.84581E+4
3.89166E+0	3.89172E+0	3.52089E-4	2.99505E+2	2.93961E+2	-2.61485E+1	7.19074E-3	4.84646E+4
3.93794E+0	3.93710E+0	7.13536E-4	2.99505E+2	2.93989E+2	-2.61523E+1	7.18995E-3	4.84706E+4
3.97845E+0	3.98654E+0	3.31943E-4	2.99504E+2	2.93973E+2	-2.61190E+1	7.18703E-3	4.84766E+4
4.02323E+0	4.03587E+0	-1.70080E-4	2.99504E+2	2.93973E+2	-2.61225E+1	7.18386E-3	4.84826E+4
4.07386E+0	4.08172E+0	-2.79144E-4	2.99504E+2	2.93987E+2	-2.61627E+1	7.18807E-3	4.84886E+4
4.12398E+0	4.13158E+0	-2.15682E-5	2.99506E+2	2.94002E+2	-2.61502E+1	7.19034E-3	4.84946E+4
4.17654E+0	4.18001E+0	4.77567E-4	2.99505E+2	2.94019E+2	-2.61077E+1	7.18788E-3	4.85006E+4
4.23477E+0	4.23612E+0	5.85681E-4	2.99505E+2	2.94017E+2	-2.60982E+1	7.18465E-3	4.85075E+4
4.28237E+0	4.29483E+0	-7.35590E-5	2.99504E+2	2.94035E+2	-2.61143E+1	7.18440E-3	4.85145E+4
4.33738E+0	4.34368E+0	-5.02577E-4	2.99506E+2	2.94035E+2	-2.61317E+1	7.18553E-3	4.85206E+4
4.38762E+0	4.38943E+0	-1.37607E-4	2.99506E+2	2.94043E+2	-2.61073E+1	7.18607E-3	4.85266E+4
4.43860E+0	4.43343E+0	8.84175E-5	2.99503E+2	2.94059E+2	-2.61147E+1	7.18713E-3	4.85326E+4
4.48183E+0	4.48800E+0	-2.99965E-4	2.99504E+2	2.94070E+2	-2.61230E+1	7.18713E-3	4.85393E+4
4.54307E+0	4.54016E+0	-3.73681E-4	2.99504E+2	2.94085E+2	-2.61077E+1	7.19181E-3	4.85459E+4
4.59906E+0	4.59110E+0	-1.77283E-6	2.99502E+2	2.94095E+2	-2.61368E+1	7.18570E-3	4.85521E+4
4.65059E+0	4.64511E+0	2.33280E-4	2.99502E+2	2.94097E+2	-2.61675E+1	7.18624E-3	4.85586E+4
4.69784E+0	4.69130E+0	4.52697E-4	2.99504E+2	2.94106E+2	-2.61650E+1	7.19007E-3	4.85646E+4
4.74420E+0	4.74825E+0	6.36656E-4	2.99504E+2	2.94130E+2	-2.61532E+1	7.18510E-3	4.85714E+4
4.79686E+0	4.79961E+0	2.13498E-4	2.99503E+2	2.94110E+2	-2.61340E+1	7.18410E-3	4.85774E+4
4.85256E+0	4.85912E+0	-2.06061E-4	2.99504E+2	2.94121E+2	-2.61237E+1	7.18992E-3	4.85845E+4
4.90479E+0	4.90967E+0	2.52227E-4	2.99502E+2	2.94153E+2	-2.61448E+1	7.18576E-3	4.85905E+4
4.94565E+0	4.95793E+0	4.55389E-4	2.99502E+2	2.94167E+2	-2.61339E+1	7.18487E-3	4.85966E+4
4.98556E+0	4.99032E+0	2.98231E-4	2.99503E+2	2.94165E+2	-2.61246E+1	7.17782E-3	4.86026E+4
4.99725E+0	5.00000E+0	3.81547E-4	2.99501E+2	2.94160E+2	-2.61793E+1	7.18080E-3	4.86086E+4
4.98833E+0	5.00000E+0	4.48591E-4	2.99498E+2	2.94148E+2	-2.61648E+1	7.18378E-3	4.86146E+4
4.95066E+0	5.00000E+0	6.56894E-5	2.99493E+2	2.94158E+2	-2.61367E+1	7.18488E-3	4.86206E+4
4.90196E+0	4.98793E+0	3.46697E-4	2.99491E+2	2.94145E+2	-2.61320E+1	7.18723E-3	4.86266E+4
4.85327E+0	4.94847E+0	2.81955E-4	2.99489E+2	2.94130E+2	-2.61462E+1	7.18370E-3	4.86326E+4
4.80457E+0	4.89741E+0	-1.07486E-5	2.99485E+2	2.94127E+2	-2.61470E+1	7.18495E-3	4.86386E+4
4.75587E+0	4.85072E+0	1.14986E-4	2.99484E+2	2.94133E+2	-2.61203E+1	7.18457E-3	4.86446E+4
4.70718E+0	4.80448E+0	3.71308E-4	2.99482E+2	2.94116E+2	-2.61200E+1	7.18553E-3	4.86506E+4
4.65847E+0	4.75620E+0	3.92595E-4	2.99482E+2	2.94089E+2	-2.61277E+1	7.18162E-3	4.86566E+4
4.60978E+0	4.70589E+0	2.76354E-4	2.99481E+2	2.94095E+2	-2.61425E+1	7.18531E-3	4.86626E+4
4.56108E+0	4.65925E+0	2.36072E-4	2.99478E+2	2.94089E+2	-2.61578E+1	7.18758E-3	4.86686E+4
4.51238E+0	4.60903E+0	1.44033E-4	2.99477E+2	2.94075E+2	-2.61647E+1	7.18870E-3	4.86746E+4
4.46368E+0	4.55685E+0	5.18715E-5	2.99476E+2	2.94034E+2	-2.61233E+1	7.18730E-3	4.86806E+4
4.41499E+0	4.50952E+0	-1.15767E-4	2.99476E+2	2.94012E+2	-2.61338E+1	7.19221E-3	4.86866E+4
4.36629E+0	4.46259E+0	5.11547E-5	2.99475E+2	2.94026E+2	-2.61713E+1	7.18988E-3	4.86926E+4
4.31759E+0	4.41192E+0	3.09238E-4	2.99475E+2	2.94012E+2	-2.61624E+1	7.18785E-3	4.86986E+4
4.26889E+0	4.36236E+0	1.71529E-4	2.99474E+2	2.93982E+2	-2.61485E+1	7.18864E-3	4.87046E+4
4.22019E+0	4.32013E+0	2.10008E-4	2.99474E+2	2.93984E+2	-2.61476E+1	7.18946E-3	4.87106E+4
4.17149E+0	4.27009E+0	1.75267E-4	2.99473E+2	2.93984E+2	-2.61360E+1	7.19045E-3	4.87166E+4
4.12280E+0	4.21796E+0	1.50813E-4	2.99471E+2	2.93948E+2	-2.61360E+1	7.19198E-3	4.87226E+4
4.07410E+0	4.17356E+0	2.63722E-4	2.99471E+2	2.93950E+2	-2.61390E+1	7.18918E-3	4.87286E+4
4.02541E+0	4.12922E+0	1.58508E-4	2.99472E+2	2.93951E+2	-2.61417E+1	7.18662E-3	4.87346E+4
3.97671E+0	4.07948E+0	-3.61927E-5	2.99473E+2	2.93946E+2	-2.61421E+1	7.18818E-3	4.87406E+4
3.92801E+0	4.03049E+0	8.54627E-5	2.99471E+2	2.93920E+2	-2.61234E+1	7.18985E-3	4.87466E+4
3.87931E+0	3.98572E+0	-5.91324E-6	2.99471E+2	2.93904E+2	-2.60907E+1	7.18760E-3	4.87526E+4
3.83061E+0	3.93356E+0	-4.17627E-5	2.99472E+2	2.93898E+2	-2.61033E+1	7.19073E-3	4.87586E+4
3.78191E+0	3.88411E+0	-1.08196E-4	2.99472E+2	2.93880E+2	-2.61252E+1	7.19102E-3	4.87646E+4
3.73322E+0	3.83871E+0	1.07564E-4	2.99472E+2	2.93871E+2	-2.61179E+1	7.19266E-3	4.87706E+4
3.68451E+0	3.79263E+0	4.36516E-4	2.99473E+2	2.93853E+2	-2.61405E+1	7.19196E-3	4.87766E+4
3.63582E+0	3.74322E+0	3.28281E-4	2.99472E+2	2.93842E+2	-2.61720E+1	7.19109E-3	4.87826E+4
3.58712E+0	3.69177E+0	2.25433E-4	2.99472E+2	2.93834E+2	-2.61493E+1	7.18901E-3	4.87886E+4
3.53842E+0	3.64658E+0	1.09198E-4	2.99474E+2	2.93813E+2	-2.61214E+1	7.19047E-3	4.87946E+4
3.48972E+0	3.60130E+0	1.88717E-4	2.99474E+2	2.93801E+2	-2.61326E+1	7.19162E-3	4.88006E+4
3.44103E+0	3.55024E+0	1.61223E-4	2.99474E+2	2.93807E+2	-2.61430E+1	7.18934E-3	4.88066E+4
3.39233E+0	3.49892E+0	2.83510E-4	2.99473E+2	2.93789E+2	-2.61426E+1	7.19120E-3	4.88126E+4
3.34363E+0	3.45250E+0	5.79086E-4	2.99474E+2	2.93795E+2	-2.61306E+1	7.19078E-3	4.88186E+4
3.29493E+0	3.40310E+0	3.87222E-4	2.99474E+2	2.93794E+2	-2.61558E+1	7.19075E-3	4.88246E+4
3.24623E+0	3.35374E+0	-1.37213E-4	2.99476E+2	2.93798E+2	-2.61691E+1	7.19277E-3	4.88306E+4
3.19753E+0	3.30795E+0	-3.32485E-4	2.99476E+2	2.93785E+2	-2.61390E+1	7.19218E-3	4.88366E+4
3.14884E+0	3.25616E+0	2.02537E-4	2.99477E+2	2.93762E+2	-2.61360E+1	7.19611E-3	4.88426E+4
3.10014E+0	3.20626E+0	3.03811E-4	2.99478E+2	2.93761E+2	-2.61571E+1	7.19637E-3	4.88486E+4
3.05144E+0	3.16146E+0	1.31540E-4	2.99477E+2	2.93746E+2	-2.61650E+1	7.19519E-3	4.88546E+4
3.00275E+0	3.11050E+0	1.05121E-4	2.99477E+2	2.93720E+2	-2.61392E+1	7.19244E-3	4.88606E+4
2.95405E+0	3.06041E+0	1.39478E-4	2.99478E+2	2.93706E+2	-2.61371E+1	7.19651E-3	4.88666E+4
2.90535E+0	3.01323E+0	3.16154E-4	2.99479E+2	2.93694E+2	-2.61378E+1	7.20056E-3	4.88726E+4
2.85665E+0	2.96499E+0	3.67621E-4	2.99480E+2	2.93678E+2	-2.61367E+1	7.19735E-3	4.88786E+4
2.80795E+0	2.91641E+0	1.82086E-4	2.99481E+2	2.93706E+2	-2.61543E+1	7.19329E-3	4.88846E+4
2.75925E+0	2.86774E+0	-1.49646E-4	2.99481E+2	2.93705E+2	-2.61950E+1	7.19736E-3	4.88906E+4
2.71056E+0	2.81561E+0	-1.54832E-4	2.99482E+2	2.93671E+2	-2.62134E+1	7.19895E-3	4.88966E+4
2.66186E+0	2.76535E+0	3.88251E-5	2.99481E+2	2.93654E+2	-2.61843E+1	7.19750E-3	4.89026E+4
2.61316E+0	2.71979E+0	-1.03299E-4	2.99483E+2	2.93637E+2	-2.61538E+1	7.19653E-3	4.89086E+4
2.56447E+0	2.66888E+0	1.95829E-4	2.99483E+2	2.93615E+2	-2.61399E+1	7.19158E-3	4.89146E+4
2.51576E+0	2.61908E+0	2.90158E-4	2.99481E+2	2.93599E+2	-2.61334E+1	7.19294E-3	4.89206E+4
2.46706E+0	2.57486E+0	-2.27924E-4	2.99482E+2	2.93618E+2	-2.61098E+1	7.19843E-3	4.89266E+4
2.41837E+0	2.52327E+0	-1.17954E-4	2.99483E+2	2.93626E+2	-2.61031E+1	7.19758E-3	4.89326E+4
2.36967E+0	2.47115E+0	1.51870E-4	2.99484E+2	2.93609E+2	-2.61275E+1	7.19131E-3	4.89386E+4
2.32098E+0	2.42623E+0	-3.09472E-5	2.99484E+2	2.93581E+2	-2.61642E+1	7.19727E-3	4.89446E+4
2.27227E+0	2.37557E+0	-4.84360E-4	2.99484E+2	2.93555E+2	-2.61553E+1	7.19987E-3	4.89506E+4
2.22358E+0	2.32520E+0	-4.92243E-4	2.99486E+2	2.93562E+2	-2.61485E+1	7.19645E-3	4.89566E+4
2.17488E+0	2.27931E+0	5.57181E-5	2.99487E+2	2.93543E+2	-2.61439E+1	7.19842E-3	4.89626E+4
2.12618E+0	2.23412E+0	2.57091E-4	2.99487E+2	2.93531E+2	-2.61308E+1	7.19527E-3	4.89686E+4
2.07748E+0	2.18446E+0	6.04862E-4	2.99486E+2	2.93530E+2	-2.61539E+1	7.19590E-3	4.89746E+4
2.02879E+0	2.13387E+0	-1.46114E-4	2.99487E+2	2.93528E+2	-2.61468E+1	7.19696E-3	4.89806E+4
1.98009E+0	2.08820E+0	-4.32635E-4	2.99487E+2	2.93522E+2	-2.61744E+1	7.19621E-3	4.89866E+4
1.93139E+0	2.03532E+0	-2.83851E-5	2.99488E+2	2.93519E+2	-2.61733E+1	7.19823E-3	4.89926E+4
1.88272E+0	1.98446E+0	4.05168E-4	2.99488E+2	2.93523E+2	-2.61545E+1	7.19861E-3	4.89986E+4
1.83404E+0	1.94013E+0	2.08665E-4	2.99489E+2	2.93514E+2	-2.61467E+1	7.19823E-3	4.90046E+4
1.78529E+0	1.89429E+0	3.98064E-4	2.99490E+2	2.93486E+2	-2.61380E+1	7.19875E-3	4.90106E+4
1.73660E+0	1.83991E+0	5.45118E-4	2.99490E+2	2.93485E+2	-2.61431E+1	7.19313E-3	4.90166E+4
1.68790E+0	1.78883E+0	2.20493E-4	2.99489E+2	2.93495E+2	-2.61409E+1	7.19233E-3	4.90226E+4
1.63920E+0	1.74445E+0	2.36753E-5	2.99489E+2	2.93478E+2	-2.61340E+1	7.19348E-3	4.90286E+4
1.59051E+0	1.69359E+0	-3.23472E-4	2.99491E+2	2.93475E+2	-2.61212E+1	7.19641E-3	4.90346E+4
1.54180E+0	1.64144E+0	-8.71740E-5	2.99492E+2	2.93466E+2	-2.61141E+1	7.19527E-3	4.90406E+4
1.49313E+0	1.59617E+0	-4.02465E-5	2.99492E+2	2.93457E+2	-2.61164E+1	7.19369E-3	4.90466E+4
1.44446E+0	1.54535E+0	4.49599E-5	2.99491E+2	2.93464E+2	-2.61717E+1	7.19666E-3	4.90526E+4
1.39576E+0	1.49386E+0	5.74676E-5	2.99492E+2	2.93464E+2	-2.61815E+1	7.20160E-3	4.90586E+4
1.33911E+0	1.43428E+0	-2.37460E-4	2.99493E+2	2.93443E+2	-2.61439E+1	7.20025E-3	4.90656E+4
1.29038E+0	1.39027E+0	-6.39895E-4	2.99495E+2	2.93429E+2	-2.61413E+1	7.19374E-3	4.90716E+4
1.23643E+0	1.34142E+0	2.95008E-4	2.99496E+2	2.93408E+2	-2.61361E+1	7.19160E-3	4.90782E+4
1.18887E+0	1.29178E+0	3.83473E-4	2.99496E+2	2.93395E+2	-2.61182E+1	7.19686E-3	4.90841E+4
1.13599E+0	1.23535E+0	-5.21743E-4	2.99497E+2	2.93411E+2	-2.61221E+1	7.20002E-3	4.90906E+4
1.08729E+0	1.18383E+0	2.17121E-4	2.99497E+2	2.93412E+2	-2.61499E+1	7.19838E-3	4.90966E+4
1.03145E+0	1.13228E+0	3.36229E-4	2.99496E+2	2.93385E+2	-2.61692E+1	7.19508E-3	4.91035E+4
9.83145E-1	1.08094E+0	-3.74647E-4	2.99496E+2	2.93374E+2	-2.61446E+1	7.19534E-3	4.91094E+4
9.33080E-1	1.02757E+0	-1.19656E-3	2.99496E+2	2.93371E+2	-2.61116E+1	7.19759E-3	4.91156E+4
8.72480E-1	9.74605E-1	-9.00647E-4	2.99496E+2	2.93349E+2	-2.61289E+1	7.19186E-3	4.91231E+4
8.23552E-1	9.26147E-1	-3.91269E-4	2.99494E+2	2.93331E+2	-2.61337E+1	7.19302E-3	4.91291E+4
7.70752E-1	8.73320E-1	-4.84378E-4	2.99490E+2	2.93303E+2	-2.61293E+1	7.19536E-3	4.91356E+4
7.22060E-1	8.21993E-1	-2.12887E-4	2.99488E+2	2.93282E+2	-2.61438E+1	7.19564E-3	4.91416E+4
6.73142E-1	7.71043E-1	-3.97449E-5	2.99488E+2	2.93287E+2	-2.61629E+1	7.19578E-3	4.91476E+4
6.24287E-1	7.25758E-1	-1.64445E-4	2.99490E+2	2.93281E+2	-2.61589E+1	7.19861E-3	4.91536E+4
5.75966E-1	6.74335E-1	-7.44518E-4	2.99494E+2	2.93274E+2	-2.61376E+1	7.19458E-3	4.91596E+4
5.27265E-1	6.22117E-1	-4.63490E-4	2.99498E+2	2.93281E+2	-2.61361E+1	7.19575E-3	4.91656E+4
4.78599E-1	5.75297E-1	-1.14732E-4	2.99500E+2	2.93288E+2	-2.61453E+1	7.19589E-3	4.91716E+4
4.29919E-1	5.29371E-1	-1.19721E-4	2.99500E+2	2.93281E+2	-2.61639E+1	7.19580E-3	4.91776E+4
3.81171E-1	4.77081E-1	-1.62400E-6	2.99499E+2	2.93261E+2	-2.61578E+1	7.20241E-3	4.91836E+4
3.32476E-1	4.24675E-1	-1.22536E-4	2.99498E+2	2.93249E+2	-2.61416E+1	7.19955E-3	4.91896E+4
2.83773E-1	3.79783E-1	-1.07816E-4	2.99496E+2	2.93229E+2	-2.61492E+1	7.19842E-3	4.91956E+4
2.35103E-1	3.34443E-1	-3.64831E-5	2.99496E+2	2.93229E+2	-2.61495E+1	7.19651E-3	4.92016E+4
1.86185E-1	2.81419E-1	7.38887E-5	2.99498E+2	2.93232E+2	-2.61491E+1	7.19430E-3	4.92076E+4
1.37262E-1	2.30493E-1	-8.00827E-5	2.99502E+2	2.93236E+2	-2.61539E+1	7.19462E-3	4.92136E+4
8.90359E-2	1.85109E-1	-3.50823E-4	2.99508E+2	2.93261E+2	-2.61439E+1	7.20050E-3	4.92196E+4
3.61410E-2	1.39380E-1	-4.25309E-4	2.99510E+2	2.93271E+2	-2.61276E+1	7.19560E-3	4.92256E+4
-9.65771E-5	8.82409E-2	-3.57335E-4	2.99500E+2	2.93227E+2	-2.61288E+1	7.19493E-3	4.92316E+4
-9.65771E-5	2.92052E-2	-4.22594E-4	2.99487E+2	2.93138E+2	-2.61639E+1	7.19926E-3	4.92395E+4
-1.73862E-2	-4.22498E-3	3.49711E-4	2.99495E+2	2.93161E+2	-2.61595E+1	7.20002E-3	4.92481E+4
-7.70055E-2	-4.31874E-2	2.25917E-4	2.99510E+2	2.93234E+2	-2.61412E+1	7.19728E-3	4.92559E+4
-1.28016E-1	-8.75498E-2	-5.71139E-4	2.99516E+2	2.93261E+2	-2.61413E+1	7.19622E-3	4.92625E+4
-1.77262E-1	-1.40403E-1	-5.73930E-4	2.99512E+2	2.93243E+2	-2.61648E+1	7.19552E-3	4.92686E+4
-2.14606E-1	-1.92994E-1	-1.79642E-4	2.99509E+2	2.93227E+2	-2.61516E+1	7.19956E-3	4.92746E+4
-2.58647E-1	-2.39471E-1	-2.22351E-4	2.99508E+2	2.93225E+2	-2.61347E+1	7.19386E-3	4.92806E+4
-3.09833E-1	-2.85642E-1	-3.13190E-4	2.99508E+2	2.93240E+2	-2.61391E+1	7.19919E-3	4.92866E+4
-3.59797E-1	-3.38053E-1	-4.04669E-4	2.99511E+2	2.93238E+2	-2.61196E+1	7.19635E-3	4.92926E+4
-4.13630E-1	-3.88482E-1	-5.76004E-4	2.99514E+2	2.93253E+2	-2.61419E+1	7.19692E-3	4.92986E+4
-4.62001E-1	-4.33387E-1	-2.58825E-4	2.99519E+2	2.93276E+2	-2.61101E+1	7.19625E-3	4.93046E+4
-5.13206E-1	-4.78550E-1	-1.87708E-4	2.99522E+2	2.93274E+2	-2.60941E+1	7.19279E-3	4.93106E+4
-5.64436E-1	-5.28988E-1	-4.98315E-4	2.99520E+2	2.93297E+2	-2.61315E+1	7.18886E-3	4.93166E+4
-6.06635E-1	-5.82511E-1	-7.00326E-4	2.99517E+2	2.93298E+2	-2.61147E+1	7.19792E-3	4.93234E+4
-6.55284E-1	-6.30535E-1	-7.31768E-4	2.99515E+2	2.93282E+2	-2.61181E+1	7.19515E-3	4.93293E+4
-7.06250E-1	-6.83617E-1	-5.11133E-4	2.99514E+2	2.93276E+2	-2.61263E+1	7.19031E-3	4.93356E+4
-7.66768E-1	-7.39325E-1	-1.32652E-4	2.99518E+2	2.93299E+2	-2.61596E+1	7.19961E-3	4.93423E+4
-8.20985E-1	-7.90035E-1	4.11972E-5	2.99521E+2	2.93328E+2	-2.61733E+1	7.19419E-3	4.93482E+4
-8.68821E-1	-8.39448E-1	-3.86672E-4	2.99523E+2	2.93346E+2	-2.61266E+1	7.19253E-3	4.93546E+4
-9.18023E-1	-8.95627E-1	-6.13854E-4	2.99525E+2	2.93399E+2	-2.61083E+1	7.19867E-3	4.93614E+4
-9.76775E-1	-9.56554E-1	-5.54888E-4	2.99526E+2	2.93403E+2	-2.61343E+1	7.19226E-3	4.93684E+4
-1.03484E+0	-1.01776E+0	-5.66888E-4	2.99526E+2	2.93410E+2	-2.61410E+1	7.19495E-3	4.93760E+4
-1.08822E+0	-1.07143E+0	-6.37139E-4	2.99526E+2	2.93422E+2	-2.61156E+1	7.19678E-3	4.93829E+4
-1.14743E+0	-1.12853E+0	-5.14907E-4	2.99525E+2	2.93434E+2	-2.61154E+1	7.19467E-3	4.93900E+4
-1.20159E+0	-1.17894E+0	-4.33245E-4	2.99524E+2	2.93445E+2	-2.61311E+1	7.19467E-3	4.93960E+4
-1.25474E+0	-1.23108E+0	-3.34207E-4	2.99524E+2	2.93450E+2	-2.61591E+1	7.19164E-3	4.94026E+4
-1.30251E+0	-1.28064E+0	1.17671E-4	2.99526E+2	2.93468E+2	-2.61933E+1	7.19499E-3	4.94086E+4
-1.35384E+0	-1.32813E+0	2.11546E-4	2.99524E+2	2.93474E+2	-2.61795E+1	7.19808E-3	4.94146E+4
-1.40090E+0	-1.37415E+0	-4.59300E-5	2.99523E+2	2.93479E+2	-2.61627E+1	7.19499E-3	4.94206E+4
-1.44844E+0	-1.42687E+0	-3.82670E-4	2.99521E+2	2.93504E+2	-2.61377E+1	7.19064E-3	4.94266E+4
-1.48669E+0	-1.47854E+0	-7.57283E-4	2.99521E+2	2.93509E+2	-2.61157E+1	7.18866E-3	4.94326E+4
-1.53173E+0	-1.52425E+0	-5.54420E-4	2.99520E+2	2.93496E+2	-2.61249E+1	7.19207E-3	4.94386E+4
-1.58025E+0	-1.57158E+0	-3.06174E-4	2.99519E+2	2.93495E+2	-2.61294E+1	7.19440E-3	4.94446E+4
-1.64322E+0	-1.62522E+0	-9.62437E-5	2.99521E+2	2.93527E+2	-2.61255E+1	7.18866E-3	4.94512E+4
-1.70203E+0	-1.68575E+0	1.96369E-4	2.99521E+2	2.93543E+2	-2.61305E+1	7.19223E-3	4.94580E+4
-1.75468E+0	-1.74108E+0	-1.24305E-4	2.99521E+2	2.93550E+2	-2.61366E+1	7.20053E-3	4.94651E+4
-1.80611E+0	-1.79307E+0	-6.10400E-4	2.99520E+2	2.93549E+2	-2.61246E+1	7.19087E-3	4.94712E+4
-1.85886E+0	-1.84718E+0	-3.74243E-4	2.99520E+2	2.93564E+2	-2.61333E+1	7.19498E-3	4.94783E+4
-1.91374E+0	-1.89718E+0	8.84089E-6	2.99520E+2	2.93574E+2	-2.61455E+1	7.19558E-3	4.94842E+4
-1.95483E+0	-1.95269E+0	1.19646E-4	2.99518E+2	2.93570E+2	-2.61592E+1	7.19383E-3	4.94906E+4
-2.00011E+0	-1.99947E+0	-9.13225E-5	2.99518E+2	2.93580E+2	-2.61381E+1	7.19294E-3	4.94966E+4
-2.05100E+0	-2.04445E+0	-1.62631E-4	2.99518E+2	2.93583E+2	-2.61318E+1	7.19078E-3	4.95026E+4
-2.10234E+0	-2.09540E+0	-6.24230E-4	2.99519E+2	2.93607E+2	-2.61628E+1	7.18950E-3	4.95086E+4
-2.15235E+0	-2.14731E+0	-5.49860E-4	2.99517E+2	2.93624E+2	-2.61671E+1	7.19238E-3	4.95146E+4
-2.20190E+0	-2.19389E+0	-5.48520E-4	2.99517E+2	2.93628E+2	-2.61479E+1	7.19490E-3	4.95206E+4
-2.25427E+0	-2.24059E+0	-9.78507E-5	2.99517E+2	2.93639E+2	-2.61062E+1	7.19374E-3	4.95266E+4
-2.30156E+0	-2.29275E+0	3.99306E-4	2.99517E+2	2.93659E+2	-2.61046E+1	7.18997E-3	4.95326E+4
-2.35317E+0	-2.34338E+0	1.14446E-4	2.99516E+2	2.93671E+2	-2.61333E+1	7.19539E-3	4.95386E+4
-2.39608E+0	-2.39933E+0	-1.01293E-3	2.99517E+2	2.93659E+2	-2.61522E+1	7.19661E-3	4.95455E+4
-2.44583E+0	-2.44893E+0	-1.45438E-3	2.99517E+2	2.93656E+2	-2.61586E+1	7.19101E-3	4.95515E+4
-2.50585E+0	-2.50201E+0	-1.10857E-3	2.99516E+2	2.93662E+2	-2.61523E+1	7.19577E-3	4.95590E+4
-2.55676E+0	-2.55099E+0	-3.99283E-4	2.99515E+2	2.93676E+2	-2.61790E+1	7.19249E-3	4.95650E+4
-2.60564E+0	-2.60600E+0	7.33139E-5	2.99515E+2	2.93701E+2	-2.61618E+1	7.19658E-3	4.95715E+4
-2.65635E+0	-2.65811E+0	-5.82137E-5	2.99515E+2	2.93721E+2	-2.61322E+1	7.19583E-3	4.95775E+4
-2.70889E+0	-2.70777E+0	-2.38067E-4	2.99513E+2	2.93738E+2	-2.61342E+1	7.20231E-3	4.95836E+4
-2.75729E+0	-2.75311E+0	-1.96439E-4	2.99512E+2	2.93739E+2	-2.61589E+1	7.19386E-3	4.95896E+4
-2.80814E+0	-2.80435E+0	-1.48062E-5	2.99512E+2	2.93742E+2	-2.61600E+1	7.19690E-3	4.95956E+4
-2.85836E+0	-2.85567E+0	2.44540E-4	2.99513E+2	2.93738E+2	-2.61502E+1	7.19139E-3	4.96016E+4
-2.90074E+0	-2.90323E+0	1.47091E-5	2.99514E+2	2.93746E+2	-2.61389E+1	7.18452E-3	4.96082E+4
-2.95379E+0	-2.95180E+0	-6.93569E-5	2.99512E+2	2.93770E+2	-2.61445E+1	7.19352E-3	4.96140E+4
-3.01493E+0	-3.01755E+0	2.21326E-4	2.99511E+2	2.93797E+2	-2.61699E+1	7.18486E-3	4.96213E+4
-3.06919E+0	-3.06418E+0	-4.66954E-5	2.99512E+2	2.93801E+2	-2.61675E+1	7.19505E-3	4.96272E+4
-3.11747E+0	-3.11026E+0	-2.51319E-4	2.99512E+2	2.93804E+2	-2.61601E+1	7.18944E-3	4.96336E+4
-3.16349E+0	-3.15963E+0	-2.41725E-4	2.99512E+2	2.93809E+2	-2.61485E+1	7.19266E-3	4.96396E+4
-3.20450E+0	-3.21008E+0	-3.54665E-4	2.99512E+2	2.93831E+2	-2.61324E+1	7.18947E-3	4.96455E+4
-3.26319E+0	-3.27256E+0	-7.84036E-4	2.99512E+2	2.93832E+2	-2.61598E+1	7.19054E-3	4.96530E+4
-3.33431E+0	-3.33389E+0	-6.47670E-4	2.99510E+2	2.93858E+2	-2.61526E+1	7.19563E-3	4.96607E+4
-3.39141E+0	-3.38156E+0	-1.90324E-4	2.99509E+2	2.93864E+2	-2.61194E+1	7.18700E-3	4.96670E+4
-3.44057E+0	-3.43434E+0	-2.12215E-4	2.99509E+2	2.93862E+2	-2.61026E+1	7.19054E-3	4.96736E+4
-3.48828E+0	-3.48651E+0	-5.52048E-4	2.99509E+2	2.93881E+2	-2.61444E+1	7.19050E-3	4.96795E+4
-3.53470E+0	-3.53267E+0	-6.03478E-4	2.99509E+2	2.93880E+2	-2.61831E+1	7.19657E-3	4.96856E+4
-3.57513E+0	-3.58313E+0	-5.40616E-4	2.99510E+2	2.93879E+2	-2.61670E+1	7.19482E-3	4.96916E+4
-3.61969E+0	-3.63370E+0	-4.18228E-4	2.99509E+2	2.93913E+2	-2.61354E+1	7.19257E-3	4.96976E+4
-3.67104E+0	-3.67892E+0	-3.18863E-4	2.99507E+2	2.93922E+2	-2.61448E+1	7.19680E-3	4.97036E+4
-3.73305E+0	-3.73460E+0	-6.93700E-4	2.99507E+2	2.93910E+2	-2.61425E+1	7.19115E-3	4.97104E+4
-3.78669E+0	-3.78531E+0	-8.38163E-4	2.99509E+2	2.93918E+2	-2.61610E+1	7.19111E-3	4.97163E+4
-3.83815E+0	-3.84465E+0	-5.43345E-4	2.99508E+2	2.93932E+2	-2.61671E+1	7.19150E-3	4.97240E+4
-3.89879E+0	-3.89263E+0	-1.03568E-4	2.99506E+2	2.93945E+2	-2.61527E+1	7.18821E-3	4.97299E+4
-3.94597E+0	-3.94114E+0	-1.43397E-4	2.99506E+2	2.93968E+2	-2.61341E+1	7.18947E-3	4.97366E+4
-3.99653E+0	-3.99086E+0	-8.80213E-4	2.99507E+2	2.93971E+2	-2.61390E+1	7.19104E-3	4.97426E+4
-4.04462E+0	-4.04084E+0	-8.96877E-4	2.99507E+2	2.93972E+2	-2.61794E+1	7.19751E-3	4.97485E+4
-4.09038E+0	-4.08625E+0	-5.34911E-4	2.99506E+2	2.93980E+2	-2.61463E+1	7.18840E-3	4.97546E+4
-4.12946E+0	-4.13224E+0	5.00978E-5	2.99505E+2	2.93988E+2	-2.61131E+1	7.18896E-3	4.97606E+4
-4.17598E+0	-4.18093E+0	3.22795E-4	2.99505E+2	2.93996E+2	-2.61462E+1	7.18569E-3	4.97665E+4
-4.25066E+0	-4.24706E+0	-6.18300E-4	2.99505E+2	2.94029E+2	-2.61775E+1	7.19017E-3	4.97744E+4
-4.29882E+0	-4.29444E+0	-1.13189E-3	2.99505E+2	2.94029E+2	-2.61710E+1	7.19205E-3	4.97804E+4
-4.36211E+0	-4.36732E+0	-1.39821E-5	2.99505E+2	2.94046E+2	-2.61565E+1	7.19176E-3	4.97894E+4
-4.41333E+0	-4.41580E+0	5.04036E-4	2.99505E+2	2.94055E+2	-2.61369E+1	7.18533E-3	4.97953E+4
-4.46380E+0	-4.46473E+0	-1.12228E-4	2.99505E+2	2.94065E+2	-2.61160E+1	7.18772E-3	4.98016E+4
-4.51514E+0	-4.51239E+0	-8.31436E-4	2.99505E+2	2.94071E+2	-2.61337E+1	7.18764E-3	4.98076E+4
-4.56747E+0	-4.56305E+0	-9.31203E-4	2.99504E+2	2.94093E+2	-2.61733E+1	7.19566E-3	4.98136E+4
-4.61590E+0	-4.61284E+0	-5.48272E-4	2.99504E+2	2.94110E+2	-2.61576E+1	7.18566E-3	4.98196E+4
-4.66618E+0	-4.65862E+0	-4.45715E-4	2.99504E+2	2.94113E+2	-2.61419E+1	7.18841E-3	4.98256E+4
-4.71161E+0	-4.70447E+0	-1.12276E-4	2.99504E+2	2.94117E+2	-2.61970E+1	7.18528E-3	4.98316E+4
-4.76073E+0	-4.75653E+0	-2.15377E-4	2.99504E+2	2.94109E+2	-2.61887E+1	7.19260E-3	4.98375E+4
-4.79974E+0	-4.80931E+0	-6.93821E-4	2.99504E+2	2.94133E+2	-2.61384E+1	7.18701E-3	4.98436E+4
-4.86104E+0	-4.87193E+0	-4.96446E-4	2.99504E+2	2.94169E+2	-2.61360E+1	7.18424E-3	4.98516E+4
-4.92690E+0	-4.93843E+0	-1.83427E-4	2.99502E+2	2.94187E+2	-2.61577E+1	7.18944E-3	4.98596E+4
-4.98776E+0	-4.98737E+0	-7.14034E-5	2.99502E+2	2.94191E+2	-2.61299E+1	7.18649E-3	4.98670E+4
-4.99996E+0	-4.99991E+0	-2.76890E-5	2.99499E+2	2.94177E+2	-2.61324E+1	7.18539E-3	4.98739E+4
-4.99881E+0	-5.00000E+0	-2.98238E-4	2.99498E+2	2.94172E+2	-2.61225E+1	7.18532E-3	4.98810E+4
-4.96729E+0	-4.99962E+0	-6.25036E-4	2.99495E+2	2.94138E+2	-2.61161E+1	7.18790E-3	4.98872E+4
-4.92417E+0	-4.98105E+0	-4.85229E-4	2.99491E+2	2.94121E+2	-2.61277E+1	7.18328E-3	4.98936E+4
-4.86248E+0	-4.92533E+0	-3.73621E-4	2.99489E+2	2.94121E+2	-2.61523E+1	7.18562E-3	4.99015E+4
-4.80153E+0	-4.87733E+0	-4.55764E-4	2.99486E+2	2.94128E+2	-2.61631E+1	7.18797E-3	4.99074E+4
-4.74841E+0	-4.81554E+0	-5.70123E-4	2.99483E+2	2.94112E+2	-2.61593E+1	7.19110E-3	4.99146E+4
-4.69802E+0	-4.76301E+0	-8.60290E-4	2.99482E+2	2.94097E+2	-2.61496E+1	7.18303E-3	4.99206E+4
-4.64731E+0	-4.71642E+0	-4.30113E-4	2.99482E+2	2.94090E+2	-2.61101E+1	7.18444E-3	4.99266E+4
-4.59143E+0	-4.65869E+0	5.60707E-5	2.99480E+2	2.94069E+2	-2.61148E+1	7.18776E-3	4.99334E+4
-4.54222E+0	-4.61011E+0	-7.22597E-5	2.99478E+2	2.94061E+2	-2.61599E+1	7.19420E-3	4.99394E+4
-4.48976E+0	-4.55475E+0	-5.43699E-4	2.99476E+2	2.94037E+2	-2.61772E+1	7.19175E-3	4.99470E+4
-4.42905E+0	-4.50482E+0	-1.23965E-3	2.99477E+2	2.94024E+2	-2.61913E+1	7.18984E-3	4.99531E+4
-4.37974E+0	-4.45345E+0	-1.38498E-3	2.99475E+2	2.94006E+2	-2.61878E+1	7.18568E-3	4.99596E+4
-4.32728E+0	-4.39833E+0	-6.32266E-4	2.99475E+2	2.93994E+2	-2.61822E+1	7.19343E-3	4.99665E+4
-4.27866E+0	-4.35050E+0	-3.76460E-4	2.99475E+2	2.93977E+2	-2.61640E+1	7.19050E-3	4.99725E+4
-4.22591E+0	-4.29951E+0	-2.50004E-4	2.99473E+2	2.93962E+2	-2.61510E+1	7.18758E-3	4.99785E+4
-4.17758E+0	-4.24738E+0	-4.02298E-4	2.99473E+2	2.93954E+2	-2.61783E+1	7.19131E-3	4.99845E+4
-4.12664E+0	-4.20131E+0	-8.49783E-4	2.99473E+2	2.93949E+2	-2.61659E+1	7.18847E-3	4.99906E+4
-4.08026E+0	-4.15572E+0	-7.28480E-4	2.99473E+2	2.93935E+2	-2.61464E+1	7.18803E-3	4.99966E+4
-4.03391E+0	-4.10953E+0	-3.92882E-4	2.99473E+2	2.93909E+2	-2.61327E+1	7.18920E-3	5.00025E+4
-3.98483E+0	-4.05914E+0	-5.16947E-4	2.99471E+2	2.93906E+2	-2.61396E+1	7.18946E-3	5.00086E+4
-3.93621E+0	-4.00963E+0	-2.18296E-4	2.99473E+2	2.93939E+2	-2.61419E+1	7.18852E-3	5.00146E+4
-3.89583E+0	-3.96464E+0	-1.78619E-4	2.99472E+2	2.93909E+2	-2.61555E+1	7.19497E-3	5.00206E+4
-3.84433E+0	-3.91180E+0	-2.86648E-4	2.99473E+2	2.93890E+2	-2.61413E+1	7.19140E-3	5.00272E+4
-3.78247E+0	-3.86193E+0	-6.99699E-4	2.99473E+2	2.93882E+2	-2.61286E+1	7.19027E-3	5.00331E+4
-3.72387E+0	-3.79828E+0	-7.77917E-4	2.99473E+2	2.93875E+2	-2.61547E+1	7.18886E-3	5.00413E+4
-3.67465E+0	-3.74529E+0	-5.66091E-4	2.99473E+2	2.93858E+2	-2.61557E+1	7.18854E-3	5.00472E+4
-3.62476E+0	-3.68515E+0	-4.42201E-4	2.99475E+2	2.93844E+2	-2.61409E+1	7.19260E-3	5.00549E+4
-3.56740E+0	-3.63619E+0	-5.26014E-4	2.99474E+2	2.93854E+2	-2.61520E+1	7.19631E-3	5.00608E+4
-3.51769E+0	-3.58537E+0	-7.08141E-4	2.99474E+2	2.93822E+2	-2.61471E+1	7.19194E-3	5.00675E+4
-3.46467E+0	-3.53855E+0	-7.07961E-4	2.99475E+2	2.93812E+2	-2.61447E+1	7.19697E-3	5.00736E+4
-3.41300E+0	-3.48661E+0	-7.81728E-4	2.99474E+2	2.93806E+2	-2.61688E+1	7.19335E-3	5.00796E+4
-3.36439E+0	-3.43460E+0	-5.76789E-4	2.99476E+2	2.93781E+2	-2.61670E+1	7.19855E-3	5.00856E+4
-3.31361E+0	-3.38909E+0	-5.71281E-4	2.99475E+2	2.93783E+2	-2.61581E+1	7.18967E-3	5.00916E+4
-3.26494E+0	-3.34367E+0	-5.54386E-4	2.99477E+2	2.93775E+2	-2.61500E+1	7.19708E-3	5.00976E+4
-3.21778E+0	-3.29718E+0	-1.92818E-4	2.99478E+2	2.93749E+2	-2.61690E+1	7.19556E-3	5.01036E+4
-3.16944E+0	-3.24638E+0	-6.09410E-6	2.99477E+2	2.93736E+2	-2.61607E+1	7.19650E-3	5.01095E+4
-3.12243E+0	-3.19275E+0	-1.03189E-4	2.99477E+2	2.93740E+2	-2.61609E+1	7.19593E-3	5.01156E+4
-3.08173E+0	-3.14550E+0	-1.59572E-4	2.99478E+2	2.93756E+2	-2.61496E+1	7.19595E-3	5.01216E+4
-3.03720E+0	-3.10041E+0	-2.39057E-4	2.99478E+2	2.93728E+2	-2.61429E+1	7.19626E-3	5.01275E+4
-2.98951E+0	-3.04934E+0	-2.74273E-4	2.99479E+2	2.93718E+2	-2.61931E+1	7.19749E-3	5.01336E+4
-2.93697E+0	-2.99728E+0	3.06438E-5	2.99479E+2	2.93723E+2	-2.61921E+1	7.19652E-3	5.01396E+4
-2.88633E+0	-2.94902E+0	-1.85439E-4	2.99479E+2	2.93707E+2	-2.61444E+1	7.19930E-3	5.01456E+4
-2.83582E+0	-2.90294E+0	-4.61912E-4	2.99481E+2	2.93683E+2	-2.61516E+1	7.19934E-3	5.01515E+4
-2.75241E+0	-2.80147E+0	-8.43775E-4	2.99481E+2	2.93647E+2	-2.61475E+1	7.19647E-3	5.01649E+4
-2.70226E+0	-2.77481E+0	-7.73863E-4	2.99483E+2	2.93667E+2	-2.61557E+1	7.20007E-3	5.01676E+4
-2.66305E+0	-2.72806E+0	-6.30220E-4	2.99483E+2	2.93654E+2	-2.61513E+1	7.19735E-3	5.01736E+4
-2.61788E+0	-2.67641E+0	-6.29142E-4	2.99484E+2	2.93636E+2	-2.61403E+1	7.19594E-3	5.01796E+4
-2.56782E+0	-2.62585E+0	-5.64688E-4	2.99484E+2	2.93639E+2	-2.61544E+1	7.19550E-3	5.01856E+4
-2.51829E+0	-2.58036E+0	-4.52317E-5	2.99483E+2	2.93628E+2	-2.61551E+1	7.19445E-3	5.01916E+4
-2.46661E+0	-2.53325E+0	5.78003E-6	2.99485E+2	2.93605E+2	-2.61425E+1	7.19613E-3	5.01975E+4
-2.41712E+0	-2.47967E+0	-5.18406E-4	2.99486E+2	2.93604E+2	-2.61563E+1	7.20058E-3	5.02036E+4
-2.36605E+0	-2.42769E+0	-4.46425E-4	2.99485E+2	2.93594E+2	-2.61836E+1	7.20039E-3	5.02096E+4
-2.31479E+0	-2.38151E+0	-2.73521E-4	2.99485E+2	2.93563E+2	-2.61657E+1	7.19535E-3	5.02155E+4
-2.27042E+0	-2.32546E+0	-6.89118E-4	2.99487E+2	2.93567E+2	-2.61534E+1	7.19785E-3	5.02224E+4
-2.22376E+0	-2.27596E+0	-1.03868E-3	2.99485E+2	2.93560E+2	-2.61794E+1	7.19711E-3	5.02284E+4
-2.17094E+0	-2.22789E+0	-8.29467E-4	2.99485E+2	2.93553E+2	-2.61821E+1	7.19468E-3	5.02345E+4
-2.12016E+0	-2.18128E+0	-6.27463E-4	2.99486E+2	2.93543E+2	-2.61726E+1	7.20058E-3	5.02406E+4
-2.05730E+0	-2.11449E+0	-5.76190E-4	2.99487E+2	2.93543E+2	-2.61723E+1	7.19611E-3	5.02485E+4
-2.00918E+0	-2.06086E+0	-3.85912E-4	2.99487E+2	2.93537E+2	-2.61713E+1	7.19541E-3	5.02545E+4
-1.96105E+0	-2.01128E+0	-1.25327E-4	2.99488E+2	2.93542E+2	-2.61603E+1	7.19771E-3	5.02606E+4
-1.90867E+0	-1.96476E+0	2.54993E-4	2.99489E+2	2.93517E+2	-2.61259E+1	7.19909E-3	5.02665E+4
-1.86020E+0	-1.91826E+0	1.62010E-4	2.99490E+2	2.93485E+2	-2.61313E+1	7.19528E-3	5.02726E+4
-1.80828E+0	-1.86787E+0	-1.24945E-4	2.99490E+2	2.93493E+2	-2.61621E+1	7.19778E-3	5.02786E+4
-1.75476E+0	-1.81424E+0	-5.17222E-4	2.99490E+2	2.93488E+2	-2.61650E+1	7.19828E-3	5.02855E+4
-1.71361E+0	-1.76575E+0	-8.36952E-4	2.99491E+2	2.93478E+2	-2.61649E+1	7.19854E-3	5.02915E+4
-1.66821E+0	-1.71302E+0	-6.25850E-4	2.99490E+2	2.93490E+2	-2.61617E+1	7.19974E-3	5.02976E+4
-1.59678E+0	-1.65418E+0	-3.25779E-4	2.99491E+2	2.93477E+2	-2.61687E+1	7.19668E-3	5.03053E+4
-1.55159E+0	-1.60435E+0	-4.04718E-4	2.99492E+2	2.93484E+2	-2.61484E+1	7.19710E-3	5.03113E+4
-1.49463E+0	-1.54272E+0	-4.35958E-4	2.99494E+2	2.93456E+2	-2.61417E+1	7.19970E-3	5.03182E+4
-1.43748E+0	-1.49309E+0	1.94581E-4	2.99495E+2	2.93435E+2	-2.61723E+1	7.19637E-3	5.03241E+4
-1.38823E+0	-1.44583E+0	5.63641E-4	2.99495E+2	2.93438E+2	-2.61705E+1	7.19881E-3	5.03306E+4
-1.33881E+0	-1.39610E+0	-7.69728E-5	2.99495E+2	2.93430E+2	-2.61669E+1	7.20676E-3	5.03365E+4
-1.29319E+0	-1.33589E+0	2.66296E-4	2.99495E+2	2.93432E+2	-2.62091E+1	7.20399E-3	5.03435E+4
-1.23909E+0	-1.28481E+0	-3.63666E-5	2.99495E+2	2.93434E+2	-2.61867E+1	7.20116E-3	5.03495E+4
-1.18620E+0	-1.23790E+0	-9.86666E-4	2.99495E+2	2.93407E+2	-2.61526E+1	7.19953E-3	5.03556E+4
-1.13702E+0	-1.19356E+0	-9.24906E-4	2.99496E+2	2.93393E+2	-2.61371E+1	7.20282E-3	5.03616E+4
-1.07871E+0	-1.13229E+0	-1.37563E-3	2.99496E+2	2.93376E+2	-2.61460E+1	7.19960E-3	5.03694E+4
-1.02344E+0	-1.07780E+0	-1.18278E-3	2.99497E+2	2.93367E+2	-2.61671E+1	7.19768E-3	5.03753E+4
-9.75986E-1	-1.02471E+0	-4.67006E-4	2.99496E+2	2.93375E+2	-2.61691E+1	7.20270E-3	5.03816E+4
-9.33193E-1	-9.78502E-1	-3.38601E-4	2.99496E+2	2.93357E+2	-2.61744E+1	7.20050E-3	5.03882E+4
-8.68486E-1	-9.23203E-1	-6.99895E-4	2.99494E+2	2.93336E+2	-2.61640E+1	7.20056E-3	5.03949E+4
-8.15521E-1	-8.57368E-1	-3.62339E-4	2.99491E+2	2.93309E+2	-2.61593E+1	7.20451E-3	5.04023E+4
-7.65182E-1	-8.05568E-1	3.32631E-4	2.99488E+2	2.93276E+2	-2.61739E+1	7.19860E-3	5.04085E+4
-7.16843E-1	-7.58296E-1	3.91506E-4	2.99488E+2	2.93274E+2	-2.61709E+1	7.19713E-3	5.04146E+4
-6.69022E-1	-7.07269E-1	-2.27910E-4	2.99491E+2	2.93279E+2	-2.61427E+1	7.19954E-3	5.04206E+4
-6.14236E-1	-6.57592E-1	-2.62998E-4	2.99495E+2	2.93283E+2	-2.61346E+1	7.20268E-3	5.04266E+4
-5.61765E-1	-6.02724E-1	-8.68121E-4	2.99498E+2	2.93268E+2	-2.61658E+1	7.20180E-3	5.04336E+4
-5.08053E-1	-5.43868E-1	-4.71181E-4	2.99499E+2	2.93266E+2	-2.61697E+1	7.20090E-3	5.04408E+4
-4.45998E-1	-4.95275E-1	1.45892E-4	2.99498E+2	2.93268E+2	-2.61663E+1	7.20277E-3	5.04467E+4
-3.98198E-1	-4.45346E-1	4.31462E-4	2.99498E+2	2.93250E+2	-2.61809E+1	7.20390E-3	5.04536E+4
-3.59948E-1	-3.92667E-1	4.13456E-4	2.99496E+2	2.93240E+2	-2.61596E+1	7.20361E-3	5.04596E+4
-3.14116E-1	-3.42276E-1	-5.43639E-5	2.99496E+2	2.93225E+2	-2.61457E+1	7.19892E-3	5.04656E+4
-2.62995E-1	-2.96964E-1	-2.83840E-4	2.99499E+2	2.93217E+2	-2.61519E+1	7.19931E-3	5.04716E+4
-2.14209E-1	-2.51012E-1	-5.44152E-4	2.99502E+2	2.93207E+2	-2.61350E+1	7.19500E-3	5.04776E+4
-1.65596E-1	-2.00102E-1	-8.31349E-4	2.99506E+2	2.93224E+2	-2.61294E+1	7.19950E-3	5.04836E+4
-1.13691E-1	-1.48328E-1	-3.44750E-4	2.99511E+2	2.93258E+2	-2.61368E+1	7.20068E-3	5.04895E+4
-6.55612E-2	-1.02677E-1	1.02772E-4	2.99506E+2	2.93229E+2	-2.61539E+1	7.20413E-3	5.04956E+4
-1.65279E-2	-5.37001E-2	-2.60082E-4	2.99493E+2	2.93170E+2	-2.61562E+1	7.20028E-3	5.05016E+4
-3.71909E-3	-1.84285E-2	-1.67315E-4	2.99487E+2	2.93134E+2	-2.61640E+1	7.20241E-3	5.05076E+4
