T_VTI_(K)	T_sample_(K)	moment_(emu)	B_digital_(T)	B_analog_(T)	sense_phase	sense_amplitude	Time
2.94488E+2	2.93991E+2	-2.44171E-5	0.00000E+0	-4.91737E-4	-2.66912E+1	7.18038E-3	3.46284E+4
2.94491E+2	2.93979E+2	-2.97779E-5	4.15208E-4	-1.39220E-4	-2.67036E+1	7.17558E-3	3.46306E+4
2.94526E+2	2.94365E+2	3.29481E-4	8.77564E-2	7.26400E-2	-2.66963E+1	7.18032E-3	3.46474E+4
2.94515E+2	2.94339E+2	6.19927E-5	1.47567E-1	1.20717E-1	-2.67121E+1	7.18213E-3	3.46526E+4
2.94509E+2	2.94300E+2	9.44279E-5	1.98924E-1	1.68853E-1	-2.67228E+1	7.18145E-3	3.46586E+4
2.94505E+2	2.94255E+2	3.27574E-4	2.49802E-1	2.18182E-1	-2.66936E+1	7.18448E-3	3.46646E+4
2.94503E+2	2.94247E+2	3.29876E-4	3.02754E-1	2.70978E-1	-2.66696E+1	7.18131E-3	3.46706E+4
2.94504E+2	2.94296E+2	2.44972E-4	3.52716E-1	3.23983E-1	-2.66920E+1	7.18459E-3	3.46766E+4
2.94505E+2	2.94355E+2	-3.74874E-5	4.01218E-1	3.71124E-1	-2.67279E+1	7.18332E-3	3.46826E+4
2.94506E+2	2.94388E+2	-2.12524E-4	4.52345E-1	4.18335E-1	-2.67288E+1	7.17969E-3	3.46886E+4
2.94506E+2	2.94420E+2	-1.87962E-4	4.94154E-1	4.74122E-1	-2.67106E+1	7.18531E-3	3.46953E+4
2.94503E+2	2.94428E+2	-4.21922E-5	5.45532E-1	5.24943E-1	-2.67123E+1	7.18116E-3	3.47012E+4
2.94499E+2	2.94435E+2	2.93216E-4	5.99038E-1	5.73458E-1	-2.66742E+1	7.18340E-3	3.47076E+4
2.94495E+2	2.94430E+2	7.59843E-5	6.51099E-1	6.22371E-1	-2.66859E+1	7.18265E-3	3.47141E+4
2.94491E+2	2.94425E+2	-3.06805E-4	7.08738E-1	6.72685E-1	-2.66979E+1	7.18184E-3	3.47200E+4
2.94489E+2	2.94416E+2	-1.37225E-4	7.46656E-1	7.30247E-1	-2.67029E+1	7.18225E-3	3.47266E+4
2.94489E+2	2.94444E+2	-1.13893E-4	7.92003E-1	7.77071E-1	-2.67251E+1	7.18135E-3	3.47326E+4
2.94492E+2	2.94518E+2	8.10709E-5	8.43529E-1	8.24725E-1	-2.67441E+1	7.17768E-3	3.47386E+4
2.94494E+2	2.94674E+2	-2.59517E-4	8.92537E-1	8.74217E-1	-2.67475E+1	7.17562E-3	3.47446E+4
2.94492E+2	2.94712E+2	-3.49931E-4	9.45455E-1	9.20513E-1	-2.67112E+1	7.18043E-3	3.47505E+4
2.94492E+2	2.94661E+2	-2.07903E-4	9.93392E-1	9.70331E-1	-2.66862E+1	7.18220E-3	3.47566E+4
2.94493E+2	2.94676E+2	1.34935E-5	1.04522E+0	1.02145E+0	-2.66879E+1	7.18232E-3	3.47626E+4
2.94491E+2	2.94699E+2	2.00003E-4	1.09417E+0	1.06814E+0	-2.67030E+1	7.18426E-3	3.47686E+4
2.94491E+2	2.94721E+2	-1.29679E-4	1.14465E+0	1.11553E+0	-2.67231E+1	7.18119E-3	3.47746E+4
2.94490E+2	2.94748E+2	1.36977E-5	1.19026E+0	1.16906E+0	-2.67253E+1	7.18266E-3	3.47806E+4
2.94489E+2	2.94769E+2	1.85237E-4	1.23831E+0	1.22093E+0	-2.67183E+1	7.18395E-3	3.47866E+4
2.94489E+2	2.94786E+2	-1.59011E-5	1.27944E+0	1.26842E+0	-2.66966E+1	7.18461E-3	3.47926E+4
2.94490E+2	2.94809E+2	-1.07645E-4	1.32389E+0	1.31734E+0	-2.67167E+1	7.18372E-3	3.47986E+4
2.94490E+2	2.94827E+2	1.84177E-4	1.37613E+0	1.36517E+0	-2.67323E+1	7.18452E-3	3.48046E+4
2.94489E+2	2.94859E+2	4.55871E-5	1.42619E+0	1.41307E+0	-2.67116E+1	7.18313E-3	3.48106E+4
2.94487E+2	2.94877E+2	-8.72816E-5	1.47789E+0	1.46233E+0	-2.67059E+1	7.18643E-3	3.48166E+4
2.94488E+2	2.94894E+2	-3.98822E-5	1.53054E+0	1.50984E+0	-2.67043E+1	7.18668E-3	3.48226E+4
2.94490E+2	2.94927E+2	-3.48355E-5	1.58100E+0	1.55581E+0	-2.66758E+1	7.17996E-3	3.48286E+4
2.94490E+2	2.94933E+2	1.80461E-4	1.62803E+0	1.60950E+0	-2.67002E+1	7.18251E-3	3.48346E+4
2.94492E+2	2.94934E+2	-5.39991E-5	1.67529E+0	1.66231E+0	-2.67313E+1	7.18371E-3	3.48406E+4
2.94494E+2	2.94952E+2	-1.07246E-4	1.71295E+0	1.70828E+0	-2.67011E+1	7.18053E-3	3.48466E+4
2.94497E+2	2.94960E+2	1.33168E-4	1.75908E+0	1.75669E+0	-2.67016E+1	7.18528E-3	3.48526E+4
2.94498E+2	2.94981E+2	-5.21790E-5	1.81116E+0	1.80374E+0	-2.67097E+1	7.18614E-3	3.48586E+4
2.94499E+2	2.95006E+2	-1.08908E-4	1.86018E+0	1.84985E+0	-2.66916E+1	7.18421E-3	3.48646E+4
2.94501E+2	2.95024E+2	4.24294E-4	1.91863E+0	1.90655E+0	-2.66817E+1	7.18889E-3	3.48713E+4
2.94502E+2	2.95050E+2	7.91570E-4	1.97278E+0	1.95791E+0	-2.67079E+1	7.18772E-3	3.48771E+4
2.94503E+2	2.95084E+2	5.31268E-5	2.02093E+0	2.00842E+0	-2.67248E+1	7.18974E-3	3.48836E+4
2.94504E+2	2.95107E+2	-5.52359E-4	2.05986E+0	2.05469E+0	-2.67154E+1	7.18482E-3	3.48895E+4
2.94505E+2	2.95129E+2	-2.48609E-4	2.10483E+0	2.10820E+0	-2.67083E+1	7.18435E-3	3.48956E+4
2.94507E+2	2.95178E+2	-9.96337E-5	2.16683E+0	2.16242E+0	-2.67135E+1	7.18739E-3	3.49022E+4
2.94509E+2	2.95215E+2	5.18263E-6	2.22366E+0	2.20879E+0	-2.67084E+1	7.18906E-3	3.49081E+4
2.94510E+2	2.95236E+2	-4.58355E-5	2.27434E+0	2.25947E+0	-2.67185E+1	7.18697E-3	3.49146E+4
2.94508E+2	2.95235E+2	-5.08153E-4	2.32077E+0	2.31145E+0	-2.67486E+1	7.17855E-3	3.49206E+4
2.94510E+2	2.95256E+2	-8.07770E-4	2.36649E+0	2.36812E+0	-2.67242E+1	7.18413E-3	3.49274E+4
2.94510E+2	2.95299E+2	-6.77050E-4	2.41762E+0	2.41354E+0	-2.67287E+1	7.18128E-3	3.49334E+4
2.94511E+2	2.95319E+2	-3.77987E-4	2.46962E+0	2.46179E+0	-2.67508E+1	7.17774E-3	3.49396E+4
2.94512E+2	2.95330E+2	-6.57903E-4	2.51731E+0	2.51365E+0	-2.67601E+1	7.18230E-3	3.49456E+4
2.94511E+2	2.95348E+2	-6.84926E-4	2.57033E+0	2.56527E+0	-2.67519E+1	7.18446E-3	3.49516E+4
2.94512E+2	2.95397E+2	-7.28999E-4	2.62165E+0	2.61317E+0	-2.67188E+1	7.18468E-3	3.49577E+4
2.94513E+2	2.95402E+2	-5.48601E-4	2.66734E+0	2.65957E+0	-2.67280E+1	7.18255E-3	3.49636E+4
2.94513E+2	2.95418E+2	4.69269E-5	2.71293E+0	2.71350E+0	-2.67347E+1	7.18231E-3	3.49706E+4
2.94514E+2	2.95452E+2	-4.76658E-4	2.76467E+0	2.76327E+0	-2.67116E+1	7.18544E-3	3.49766E+4
2.94515E+2	2.95473E+2	-9.22598E-4	2.81538E+0	2.81253E+0	-2.67042E+1	7.18201E-3	3.49826E+4
2.94517E+2	2.95523E+2	-2.84380E-4	2.86790E+0	2.86924E+0	-2.67200E+1	7.18432E-3	3.49893E+4
2.94515E+2	2.95538E+2	4.67596E-4	2.92495E+0	2.92018E+0	-2.67351E+1	7.17763E-3	3.49951E+4
2.94514E+2	2.95554E+2	3.97828E-4	2.97842E+0	2.98258E+0	-2.67516E+1	7.18487E-3	3.50026E+4
2.94515E+2	2.95571E+2	2.25339E-4	3.02615E+0	3.03210E+0	-2.67208E+1	7.18913E-3	3.50086E+4
2.94517E+2	2.95595E+2	2.29931E-4	3.07889E+0	3.08066E+0	-2.66812E+1	7.18516E-3	3.50146E+4
2.94517E+2	2.95612E+2	-3.05819E-4	3.12784E+0	3.12763E+0	-2.66681E+1	7.18625E-3	3.50206E+4
2.94517E+2	2.95612E+2	-4.14162E-4	3.17667E+0	3.17498E+0	-2.66753E+1	7.18311E-3	3.50267E+4
2.94518E+2	2.95634E+2	-2.33357E-5	3.22394E+0	3.22236E+0	-2.66945E+1	7.18738E-3	3.50326E+4
2.94519E+2	2.95665E+2	-1.21403E-4	3.26183E+0	3.27221E+0	-2.66626E+1	7.18719E-3	3.50386E+4
2.94519E+2	2.95694E+2	-9.20449E-5	3.30802E+0	3.32548E+0	-2.66753E+1	7.18893E-3	3.50446E+4
2.94518E+2	2.95704E+2	-4.67087E-4	3.37033E+0	3.38025E+0	-2.66988E+1	7.19729E-3	3.50520E+4
2.94519E+2	2.95744E+2	-3.42790E-4	3.43746E+0	3.44381E+0	-2.67402E+1	7.18792E-3	3.50596E+4
2.94519E+2	2.95766E+2	-5.33954E-4	3.49945E+0	3.49898E+0	-2.67269E+1	7.19177E-3	3.50661E+4
2.94519E+2	2.95799E+2	-1.35549E-3	3.54652E+0	3.55538E+0	-2.66946E+1	7.19059E-3	3.50734E+4
2.94519E+2	2.95826E+2	-1.68389E-3	3.59868E+0	3.60131E+0	-2.67318E+1	7.18973E-3	3.50793E+4
2.94521E+2	2.95843E+2	-1.19671E-3	3.65129E+0	3.65390E+0	-2.67473E+1	7.18679E-3	3.50856E+4
2.94521E+2	2.95884E+2	-5.19535E-4	3.69508E+0	3.70806E+0	-2.67042E+1	7.19024E-3	3.50924E+4
2.94520E+2	2.95889E+2	-3.72459E-4	3.74338E+0	3.75827E+0	-2.66945E+1	7.19183E-3	3.50983E+4
2.94519E+2	2.95897E+2	-8.91920E-4	3.81011E+0	3.81593E+0	-2.66804E+1	7.19268E-3	3.51055E+4
2.94519E+2	2.95915E+2	-1.18094E-3	3.86278E+0	3.86096E+0	-2.66841E+1	7.19161E-3	3.51115E+4
2.94520E+2	2.95930E+2	-8.19522E-4	3.91016E+0	3.91373E+0	-2.67098E+1	7.18840E-3	3.51176E+4
2.94520E+2	2.95967E+2	-6.30680E-4	3.95841E+0	3.96433E+0	-2.67123E+1	7.19360E-3	3.51237E+4
2.94518E+2	2.95976E+2	-5.16257E-4	3.99636E+0	4.01143E+0	-2.66979E+1	7.18726E-3	3.51296E+4
2.94520E+2	2.96002E+2	-8.06546E-4	4.04114E+0	4.05775E+0	-2.66994E+1	7.19018E-3	3.51356E+4
2.94520E+2	2.96041E+2	-9.21764E-4	4.09200E+0	4.10424E+0	-2.66761E+1	7.18992E-3	3.51416E+4
2.94519E+2	2.96072E+2	-7.82247E-4	4.15591E+0	4.16001E+0	-2.66847E+1	7.19111E-3	3.51484E+4
2.94518E+2	2.96081E+2	-4.50613E-4	4.20974E+0	4.20986E+0	-2.67022E+1	7.19127E-3	3.51542E+4
2.94518E+2	2.96092E+2	-5.99099E-4	4.25787E+0	4.26367E+0	-2.67227E+1	7.19022E-3	3.51616E+4
2.94518E+2	2.96111E+2	-8.64895E-4	4.30687E+0	4.30804E+0	-2.67434E+1	7.19038E-3	3.51676E+4
2.94520E+2	2.96137E+2	-9.72164E-4	4.35623E+0	4.35921E+0	-2.67337E+1	7.18983E-3	3.51736E+4
2.94519E+2	2.96161E+2	-6.13642E-4	4.41406E+0	4.41238E+0	-2.67205E+1	7.19202E-3	3.51804E+4
2.94519E+2	2.96193E+2	-5.57153E-4	4.46739E+0	4.46766E+0	-2.67077E+1	7.19155E-3	3.51871E+4
2.94518E+2	2.96219E+2	-8.06919E-4	4.51823E+0	4.51981E+0	-2.66891E+1	7.19024E-3	3.51934E+4
2.94517E+2	2.96228E+2	-1.07957E-3	4.56919E+0	4.56859E+0	-2.66954E+1	7.18834E-3	3.51996E+4
2.94518E+2	2.96256E+2	-9.85665E-4	4.62080E+0	4.62636E+0	-2.67241E+1	7.19234E-3	3.52068E+4
2.94518E+2	2.96275E+2	-7.65042E-4	4.67882E+0	4.67417E+0	-2.67079E+1	7.19246E-3	3.52126E+4
2.94517E+2	2.96282E+2	-6.96972E-4	4.73005E+0	4.72673E+0	-2.66831E+1	7.18939E-3	3.52196E+4
2.94517E+2	2.96347E+2	-1.01092E-3	4.78760E+0	4.78509E+0	-2.66889E+1	7.19007E-3	3.52265E+4
2.94518E+2	2.96369E+2	-1.48228E-3	4.82833E+0	4.83627E+0	-2.67188E+1	7.18875E-3	3.52325E+4
2.94516E+2	2.96359E+2	-8.27760E-4	4.87522E+0	4.88485E+0	-2.67086E+1	7.18871E-3	3.52386E+4
2.94517E+2	2.96382E+2	-4.00428E-5	4.92571E+0	4.93223E+0	-2.67002E+1	7.18460E-3	3.52446E+4
2.94516E+2	2.96408E+2	-4.99231E-4	4.97661E+0	4.98003E+0	-2.67310E+1	7.18715E-3	3.52506E+4
2.94514E+2	2.96399E+2	-5.59194E-4	4.99765E+0	4.99958E+0	-2.67108E+1	7.18957E-3	3.52576E+4
2.94512E+2	2.96389E+2	-3.89537E-4	4.99996E+0	5.00000E+0	-2.66775E+1	7.18816E-3	3.52644E+4
2.94511E+2	2.96384E+2	-3.60621E-5	4.98518E+0	5.00000E+0	-2.66765E+1	7.18973E-3	3.52711E+4
2.94508E+2	2.96347E+2	-1.02817E-4	4.93562E+0	4.99356E+0	-2.66878E+1	7.18694E-3	3.52773E+4
2.94505E+2	2.96337E+2	-1.04402E-3	4.87880E+0	4.95548E+0	-2.67088E+1	7.18512E-3	3.52846E+4
2.94504E+2	2.96323E+2	-1.34894E-3	4.82575E+0	4.90433E+0	-2.67151E+1	7.18537E-3	3.52906E+4
2.94503E+2	2.96321E+2	-1.14341E-3	4.77914E+0	4.85408E+0	-2.66549E+1	7.19006E-3	3.52966E+4
2.94502E+2	2.96275E+2	-8.77164E-4	4.73793E+0	4.80630E+0	-2.66475E+1	7.18768E-3	3.53026E+4
2.94501E+2	2.96248E+2	-8.54446E-4	4.69391E+0	4.75976E+0	-2.66933E+1	7.19309E-3	3.53086E+4
2.94499E+2	2.96253E+2	-7.45443E-4	4.64189E+0	4.71199E+0	-2.66885E+1	7.19870E-3	3.53146E+4
2.94498E+2	2.96233E+2	-9.53404E-4	4.59183E+0	4.65746E+0	-2.66555E+1	7.19230E-3	3.53206E+4
2.94497E+2	2.96212E+2	-9.57082E-4	4.54043E+0	4.60810E+0	-2.67075E+1	7.18838E-3	3.53266E+4
2.94496E+2	2.96199E+2	-1.08820E-3	4.48946E+0	4.56246E+0	-2.67653E+1	7.19537E-3	3.53326E+4
2.94496E+2	2.96175E+2	-7.15102E-4	4.43901E+0	4.51511E+0	-2.67642E+1	7.18740E-3	3.53386E+4
2.94495E+2	2.96172E+2	-8.42600E-4	4.39038E+0	4.46882E+0	-2.67188E+1	7.19061E-3	3.53445E+4
2.94495E+2	2.96149E+2	-6.88577E-4	4.33988E+0	4.41544E+0	-2.66853E+1	7.19743E-3	3.53506E+4
2.94494E+2	2.96123E+2	-3.32351E-4	4.29346E+0	4.36512E+0	-2.67116E+1	7.18548E-3	3.53566E+4
2.94492E+2	2.96088E+2	-4.26795E-4	4.24506E+0	4.31994E+0	-2.67215E+1	7.19122E-3	3.53625E+4
2.94491E+2	2.96067E+2	-8.15600E-4	4.20716E+0	4.27316E+0	-2.67102E+1	7.18976E-3	3.53686E+4
2.94491E+2	2.96048E+2	-1.26422E-3	4.16174E+0	4.22725E+0	-2.67050E+1	7.18770E-3	3.53746E+4
2.94491E+2	2.96047E+2	-1.02826E-3	4.11049E+0	4.18195E+0	-2.67021E+1	7.19126E-3	3.53806E+4
2.94491E+2	2.96030E+2	-6.35322E-4	4.05986E+0	4.13068E+0	-2.67016E+1	7.18837E-3	3.53866E+4
2.94491E+2	2.95996E+2	-7.37753E-4	4.00966E+0	4.07810E+0	-2.67051E+1	7.18740E-3	3.53926E+4
2.94492E+2	2.95964E+2	-9.77688E-4	3.95944E+0	4.03051E+0	-2.67344E+1	7.18509E-3	3.53986E+4
2.94490E+2	2.95940E+2	-9.91297E-4	3.91140E+0	3.98472E+0	-2.67479E+1	7.19007E-3	3.54046E+4
2.94490E+2	2.95945E+2	-8.60027E-4	3.85764E+0	3.93755E+0	-2.67248E+1	7.19123E-3	3.54106E+4
2.94488E+2	2.95924E+2	-9.04117E-4	3.80904E+0	3.89082E+0	-2.67159E+1	7.18906E-3	3.54166E+4
2.94489E+2	2.95904E+2	-2.89022E-4	3.76367E+0	3.83389E+0	-2.67161E+1	7.19212E-3	3.54235E+4
2.94488E+2	2.95880E+2	-2.89827E-5	3.71608E+0	3.78375E+0	-2.67169E+1	7.19019E-3	3.54295E+4
2.94489E+2	2.95848E+2	-4.90924E-4	3.65186E+0	3.72636E+0	-2.67305E+1	7.19010E-3	3.54372E+4
2.94489E+2	2.95840E+2	-8.83331E-4	3.59417E+0	3.66708E+0	-2.67276E+1	7.18905E-3	3.54443E+4
2.94488E+2	2.95830E+2	-8.26099E-4	3.53991E+0	3.61382E+0	-2.66656E+1	7.18595E-3	3.54506E+4
2.94487E+2	2.95776E+2	-5.74188E-4	3.49144E+0	3.56576E+0	-2.66902E+1	7.19223E-3	3.54566E+4
2.94488E+2	2.95764E+2	-5.02018E-4	3.44138E+0	3.51966E+0	-2.67111E+1	7.19238E-3	3.54626E+4
2.94489E+2	2.95762E+2	-3.54527E-4	3.38996E+0	3.47369E+0	-2.66641E+1	7.18777E-3	3.54686E+4
2.94490E+2	2.95755E+2	-8.65347E-4	3.34047E+0	3.42229E+0	-2.66851E+1	7.18807E-3	3.54746E+4
2.94490E+2	2.95726E+2	-1.00197E-3	3.29308E+0	3.36912E+0	-2.67075E+1	7.19421E-3	3.54807E+4
2.94487E+2	2.95690E+2	-7.00550E-4	3.24482E+0	3.32063E+0	-2.67039E+1	7.17905E-3	3.54866E+4
2.94486E+2	2.95671E+2	-7.15131E-4	3.19787E+0	3.27468E+0	-2.66553E+1	7.18642E-3	3.54925E+4
2.94487E+2	2.95646E+2	-4.96155E-4	3.14041E+0	3.21687E+0	-2.66901E+1	7.19553E-3	3.55000E+4
2.94488E+2	2.95632E+2	-3.67690E-4	3.08186E+0	3.16695E+0	-2.67045E+1	7.19364E-3	3.55059E+4
2.94488E+2	2.95617E+2	-5.83446E-4	3.03626E+0	3.11471E+0	-2.67063E+1	7.19018E-3	3.55126E+4
2.94488E+2	2.95595E+2	-5.53899E-4	2.99571E+0	3.06704E+0	-2.67398E+1	7.19463E-3	3.55186E+4
2.94488E+2	2.95580E+2	-3.32641E-4	2.95045E+0	3.01474E+0	-2.67522E+1	7.18917E-3	3.55246E+4
2.94487E+2	2.95546E+2	-3.33293E-4	2.90013E+0	2.96248E+0	-2.67415E+1	7.18546E-3	3.55306E+4
2.94488E+2	2.95517E+2	2.31307E-5	2.84943E+0	2.91519E+0	-2.67091E+1	7.18378E-3	3.55366E+4
2.94488E+2	2.95513E+2	-1.38663E-4	2.79754E+0	2.86891E+0	-2.66899E+1	7.19098E-3	3.55426E+4
2.94488E+2	2.95491E+2	-5.05551E-4	2.74913E+0	2.82216E+0	-2.67224E+1	7.19472E-3	3.55486E+4
2.94488E+2	2.95446E+2	-4.98170E-5	2.69538E+0	2.76768E+0	-2.67134E+1	7.18696E-3	3.55546E+4
2.94487E+2	2.95430E+2	2.45751E-4	2.64605E+0	2.71661E+0	-2.67041E+1	7.18748E-3	3.55606E+4
2.94487E+2	2.95418E+2	-6.97839E-5	2.59962E+0	2.66910E+0	-2.67169E+1	7.18004E-3	3.55665E+4
2.94487E+2	2.95387E+2	7.30451E-5	2.55061E+0	2.62271E+0	-2.67212E+1	7.19160E-3	3.55726E+4
2.94488E+2	2.95376E+2	-1.15919E-4	2.51233E+0	2.57739E+0	-2.66993E+1	7.19088E-3	3.55786E+4
2.94487E+2	2.95344E+2	-5.94329E-4	2.46727E+0	2.52961E+0	-2.67185E+1	7.19155E-3	3.55846E+4
2.94487E+2	2.95317E+2	-2.74145E-4	2.41480E+0	2.47666E+0	-2.67520E+1	7.19172E-3	3.55906E+4
2.94487E+2	2.95292E+2	-2.49752E-4	2.36592E+0	2.42445E+0	-2.67465E+1	7.18832E-3	3.55967E+4
2.94486E+2	2.95266E+2	-2.83410E-4	2.30315E+0	2.37297E+0	-2.67241E+1	7.19049E-3	3.56034E+4
2.94487E+2	2.95270E+2	5.92578E-5	2.25172E+0	2.32017E+0	-2.66983E+1	7.19031E-3	3.56093E+4
2.94487E+2	2.95257E+2	-1.19252E-4	2.20808E+0	2.26571E+0	-2.67026E+1	7.19061E-3	3.56163E+4
2.94487E+2	2.95223E+2	-4.38018E-4	2.15706E+0	2.22092E+0	-2.66856E+1	7.19036E-3	3.56221E+4
2.94488E+2	2.95213E+2	-3.94939E-4	2.10584E+0	2.17137E+0	-2.66748E+1	7.18842E-3	3.56286E+4
2.94487E+2	2.95202E+2	-1.50714E-4	2.05350E+0	2.11747E+0	-2.66784E+1	7.19605E-3	3.56346E+4
2.94487E+2	2.95186E+2	-1.11844E-5	2.00190E+0	2.06459E+0	-2.66754E+1	7.19711E-3	3.56405E+4
2.94486E+2	2.95147E+2	4.70844E-5	1.95303E+0	2.01676E+0	-2.66983E+1	7.18669E-3	3.56466E+4
2.94486E+2	2.95116E+2	4.51144E-4	1.90493E+0	1.96965E+0	-2.67074E+1	7.18763E-3	3.56526E+4
2.94486E+2	2.95114E+2	1.93758E-4	1.85664E+0	1.92346E+0	-2.66991E+1	7.19085E-3	3.56586E+4
2.94486E+2	2.95097E+2	-1.34688E-4	1.80989E+0	1.87559E+0	-2.66873E+1	7.19136E-3	3.56646E+4
2.94486E+2	2.95069E+2	-1.03758E-4	1.76938E+0	1.82770E+0	-2.66991E+1	7.18480E-3	3.56706E+4
2.94488E+2	2.95072E+2	-2.87550E-5	1.72456E+0	1.77567E+0	-2.67114E+1	7.18685E-3	3.56766E+4
2.94489E+2	2.95079E+2	-2.66400E-4	1.67545E+0	1.72219E+0	-2.67157E+1	7.19111E-3	3.56826E+4
2.94489E+2	2.95041E+2	-1.38632E-5	1.61220E+0	1.66852E+0	-2.67039E+1	7.19424E-3	3.56895E+4
2.94490E+2	2.95018E+2	1.93839E-5	1.55985E+0	1.62252E+0	-2.67190E+1	7.19535E-3	3.56954E+4
2.94491E+2	2.94993E+2	-5.55114E-4	1.50940E+0	1.56986E+0	-2.67073E+1	7.18692E-3	3.57016E+4
2.94493E+2	2.94991E+2	-5.01919E-4	1.46286E+0	1.51340E+0	-2.66823E+1	7.18601E-3	3.57084E+4
2.94495E+2	2.94965E+2	6.00854E-5	1.41489E+0	1.46794E+0	-2.66778E+1	7.18527E-3	3.57143E+4
2.94496E+2	2.94920E+2	-8.10761E-5	1.36659E+0	1.41473E+0	-2.66652E+1	7.18784E-3	3.57206E+4
2.94496E+2	2.94900E+2	-8.81070E-4	1.30929E+0	1.35914E+0	-2.66842E+1	7.18825E-3	3.57273E+4
2.94497E+2	2.94876E+2	-1.14944E-3	1.25330E+0	1.30653E+0	-2.67062E+1	7.19192E-3	3.57331E+4
2.94497E+2	2.94845E+2	-1.41904E-3	1.20456E+0	1.25342E+0	-2.67037E+1	7.18447E-3	3.57396E+4
2.94498E+2	2.94833E+2	-9.16846E-4	1.16167E+0	1.20645E+0	-2.66864E+1	7.18933E-3	3.57456E+4
2.94498E+2	2.94802E+2	3.14087E-4	1.11398E+0	1.15875E+0	-2.66808E+1	7.18838E-3	3.57516E+4
2.94497E+2	2.94790E+2	2.83268E-4	1.05975E+0	1.10019E+0	-2.66992E+1	7.19334E-3	3.57589E+4
2.94497E+2	2.94764E+2	-6.65266E-5	1.00262E+0	1.04938E+0	-2.67033E+1	7.18997E-3	3.57647E+4
2.94497E+2	2.94732E+2	7.02242E-6	9.50232E-1	9.95747E-1	-2.66738E+1	7.19071E-3	3.57716E+4
2.94494E+2	2.94678E+2	-1.10799E-4	8.99567E-1	9.34012E-1	-2.66922E+1	7.19056E-3	3.57790E+4
2.94494E+2	2.94644E+2	-1.18842E-3	8.36869E-1	8.84404E-1	-2.67157E+1	7.19013E-3	3.57850E+4
2.94492E+2	2.94576E+2	-9.68970E-4	7.86672E-1	8.35865E-1	-2.67168E+1	7.19106E-3	3.57916E+4
2.94491E+2	2.94532E+2	5.12879E-5	7.27319E-1	7.73766E-1	-2.67111E+1	7.19202E-3	3.57994E+4
2.94495E+2	2.94544E+2	-1.64338E-5	6.67313E-1	7.14731E-1	-2.67098E+1	7.18622E-3	3.58062E+4
2.94499E+2	2.94550E+2	-1.31333E-4	6.17366E-1	6.62943E-1	-2.66893E+1	7.18427E-3	3.58124E+4
2.94502E+2	2.94561E+2	-3.45388E-4	5.69825E-1	6.14211E-1	-2.66817E+1	7.18853E-3	3.58186E+4
2.94505E+2	2.94568E+2	-2.16259E-4	5.28662E-1	5.66768E-1	-2.66957E+1	7.19025E-3	3.58246E+4
2.94505E+2	2.94552E+2	-3.57781E-4	4.83686E-1	5.19351E-1	-2.66704E+1	7.18755E-3	3.58306E+4
2.94504E+2	2.94540E+2	-1.84278E-4	4.35981E-1	4.67174E-1	-2.66529E+1	7.18681E-3	3.58366E+4
2.94501E+2	2.94483E+2	-5.86719E-6	3.84183E-1	4.14014E-1	-2.66688E+1	7.18855E-3	3.58426E+4
2.94499E+2	2.94437E+2	-1.12180E-4	3.34704E-1	3.66143E-1	-2.66869E+1	7.19065E-3	3.58486E+4
2.94502E+2	2.94445E+2	-1.02695E-4	2.82518E-1	3.20918E-1	-2.66684E+1	7.18920E-3	3.58546E+4
2.94507E+2	2.94452E+2	-1.64283E-4	2.33463E-1	2.75171E-1	-2.66613E+1	7.19502E-3	3.58606E+4
2.94511E+2	2.94481E+2	-1.47586E-4	1.81219E-1	2.26456E-1	-2.66602E+1	7.18716E-3	3.58666E+4
2.94518E+2	2.94523E+2	2.27559E-4	1.31645E-1	1.75171E-1	-2.66930E+1	7.19306E-3	3.58725E+4
2.94520E+2	2.94505E+2	6.95017E-4	8.30418E-2	1.23773E-1	-2.67155E+1	7.19094E-3	3.58786E+4
2.94505E+2	2.94361E+2	6.10221E-4	3.65745E-2	7.58970E-2	-2.66917E+1	7.18721E-3	3.58846E+4
2.94495E+2	2.94239E+2	2.18422E-4	0.00000E+0	3.48146E-2	-2.67099E+1	7.18873E-3	3.58906E+4
